stock,buy_date,sell_date,buy_price,sell_price,hold_days,profit_loss_pct
CHOLAFIN,2017-08-07,2017-08-29,240.23,229.01,14,-4.670524081088956
TATASTEEL,2017-08-07,2017-11-13,51.91,59.7,65,15.00674243883646
BALKRISIND,2017-08-07,2017-08-14,824.5,765.0,5,-7.216494845360824
INDHOTEL,2017-08-07,2017-08-22,129.45,111.0,10,-14.252607184241011
M&M,2017-08-07,2017-08-22,700.03,686.6,10,-1.918489207605381
DABUR,2017-08-07,2018-01-31,318.5,356.5,120,11.930926216640502
GODREJPROP,2017-08-07,2017-08-10,507.75,500.35,3,-1.4574101427868
MARICO,2017-08-07,2017-08-21,334.2,318.8,9,-4.608019150209449
PVRINOX,2017-08-07,2017-08-11,1432.0,1284.65,4,-10.289804469273736
BERGEPAINT,2017-08-07,2017-09-26,207.71,201.38,34,-3.047518174377744
ALKEM,2017-08-07,2018-01-31,1890.0,2200.0,120,16.402116402116402
GUJGASLTD,2017-08-08,2017-11-17,156.4,167.6,68,7.161125319693087
SRF,2017-08-08,2017-08-29,309.58,292.44,13,-5.536533367788612
MGL,2017-08-08,2017-10-03,1065.0,1081.0,37,1.5023474178403755
ABBOTINDIA,2017-08-08,2017-08-21,4396.0,4225.0,8,-3.889899909008189
BAJAJ-AUTO,2017-08-08,2017-08-28,2921.0,2738.15,12,-6.259842519685037
SHREECEM,2017-08-08,2017-08-21,18005.0,17056.1,8,-5.2702027214662674
PETRONET,2017-08-08,2017-11-29,210.95,253.3,76,20.07584735719366
IGL,2017-08-08,2017-11-17,246.0,302.0,68,22.76422764227642
SHRIRAMFIN,2017-08-08,2017-08-21,970.05,959.2,8,-1.1184990464408957
SAIL,2017-08-08,2017-08-11,62.95,56.6,3,-10.087370929308976
MUTHOOTFIN,2017-08-08,2017-09-27,480.8,460.75,34,-4.170133111480868
BHARATFORG,2017-08-08,2017-11-28,595.5,696.95,75,17.036104114189765
NMDC,2017-08-09,2017-09-22,126.0,121.65,30,-3.4523809523809477
PAGEIND,2017-08-09,2017-12-06,16650.0,22071.0,80,32.55855855855856
CIPLA,2017-08-09,2017-09-06,558.7,557.75,18,-0.17003758725613843
UPL,2017-08-09,2017-08-11,555.33,542.0,2,-2.400374552068147
UBL,2017-08-09,2017-09-14,833.9,783.25,24,-6.073869768557379
SBIN,2017-08-10,2017-08-21,297.65,274.55,6,-7.760792877540725
TECHM,2017-08-10,2018-02-05,405.25,626.3,120,54.54657618753854
JSWSTEEL,2017-08-10,2017-09-25,224.05,236.3,30,5.4675295692925685
PIDILITIND,2017-08-10,2017-09-26,800.0,792.5,31,-0.9375
JKCEMENT,2017-08-10,2017-09-25,1018.0,940.0,30,-7.662082514734774
INDIGO,2017-08-10,2017-08-28,1270.05,1186.0,10,-6.617849690957045
TVSMOTOR,2017-08-10,2018-01-11,582.2,755.0,104,29.680522157334238
MARUTI,2017-08-11,2017-08-22,7480.0,7507.85,6,0.372326203208561
GAIL,2017-08-11,2017-11-15,92.38,112.25,63,21.50898462870752
POWERGRID,2017-08-11,2017-08-29,123.13,121.58,10,-1.2588321286445199
IBULHSGFIN,2017-08-16,2017-09-27,1203.0,1225.0,29,1.828761429758936
TATAPOWER,2017-08-16,2017-09-06,82.0,78.05,14,-4.817073170731711
HINDUNILVR,2017-08-16,2017-10-10,1187.0,1209.0,37,1.8534119629317607
KOTAKBANK,2017-08-16,2017-08-18,998.95,982.75,2,-1.621702787927328
INDUSINDBK,2017-08-16,2017-09-29,1650.1,1675.5,31,1.5393006484455545
GODREJPROP,2017-08-16,2017-10-03,513.8,611.0,32,18.917866874270153
MFSL,2017-08-16,2017-10-10,606.9,592.8,37,-2.3232822540781055
LTIM,2017-08-17,2017-08-24,777.0,732.05,5,-5.785070785070791
INFY,2017-08-17,2017-08-21,510.52,435.45,2,-14.7046149024524
NTPC,2017-08-18,2017-09-15,144.75,139.42,19,-3.6822107081174527
TCS,2017-08-18,2017-11-29,1257.5,1326.82,69,5.512524850894627
RAMCOCEM,2017-08-21,2017-09-27,660.0,690.0,26,4.545454545454546
MCDOWELL-N,2017-08-24,2017-09-29,513.05,480.0,25,-6.441867264399173
MPHASIS,2017-08-28,2018-01-11,617.0,720.95,94,16.84764991896273
NESTLEIND,2017-08-28,2017-11-28,703.23,748.9,63,6.494319070574344
CHOLAFIN,2017-08-30,2017-09-26,235.6,216.72,19,-8.013582342954157
HCLTECH,2017-08-31,2017-10-30,427.5,419.38,39,-1.8994152046783637
BAJAJ-AUTO,2017-08-31,2018-01-12,2799.05,3175.0,92,13.431342777013622
WIPRO,2017-08-31,2017-09-28,223.39,214.8,20,-3.845292985361912
CROMPTON,2017-09-01,2017-09-08,217.3,215.7,5,-0.7363092498849622
ASIANPAINT,2017-09-01,2017-09-28,1215.0,1126.8,19,-7.259259259259262
TATACHEM,2017-09-04,2017-11-15,579.0,707.0,49,22.107081174438687
IDFCFIRSTB,2017-09-04,2017-10-04,57.0,56.05,21,-1.6666666666666714
OFSS,2017-09-04,2018-02-14,3595.0,4017.45,111,11.751043115438103
COALINDIA,2017-09-04,2017-11-13,246.25,274.35,47,11.411167512690366
ACC,2017-09-04,2017-09-22,1772.4,1682.05,14,-5.0976077634845485
SYNGENE,2017-09-05,2017-12-20,233.57,266.25,73,13.991522883932014
TITAN,2017-09-05,2017-09-25,638.9,603.0,14,-5.619032712474562
AMBUJACEM,2017-09-05,2017-09-25,281.65,262.4,14,-6.834723948162614
BHARTIARTL,2017-09-05,2017-09-07,372.64,363.14,2,-2.5493774151996567
PERSISTENT,2017-09-07,2017-11-29,616.5,647.8,56,5.077047850770471
LT,2017-09-08,2017-09-29,1171.7,1145.0,15,-2.278740291883592
ABB,2017-09-08,2017-10-10,1340.0,1352.0,21,0.8955223880597015
LALPATHLAB,2017-09-08,2017-09-22,808.5,788.0,10,-2.5355596784168215
LICHSGFIN,2017-09-08,2017-09-20,658.75,649.3,8,-1.4345351043643333
HAVELLS,2017-09-11,2017-11-01,496.0,491.5,34,-0.9072580645161291
TATAPOWER,2017-09-11,2017-10-04,80.9,78.4,16,-3.0902348578491963
SIEMENS,2017-09-11,2017-09-28,1335.0,1187.0,13,-11.086142322097379
BHEL,2017-09-11,2017-10-05,87.0,83.8,17,-3.6781609195402334
TATAMOTORS,2017-09-12,2017-11-24,388.55,425.5,50,9.509715609316686
VOLTAS,2017-09-12,2017-09-28,562.2,503.1,12,-10.51227321237994
CUB,2017-09-12,2017-09-27,151.23,135.5,11,-10.401375388481116
CIPLA,2017-09-12,2017-12-12,558.55,591.45,62,5.890251544176904
HINDCOPPER,2017-09-12,2017-09-25,64.75,58.4,9,-9.80694980694981
SUNPHARMA,2017-09-13,2017-11-16,509.4,509.0,43,-0.07852375343540975
CROMPTON,2017-09-13,2018-01-22,221.25,261.7,89,18.282485875706207
LUPIN,2017-09-13,2017-11-07,995.55,860.0,36,-13.61558937270855
AXISBANK,2017-09-14,2017-10-05,519.45,501.05,14,-3.5422081047261593
ADANIPORTS,2017-09-14,2017-11-16,405.5,398.1,42,-1.8249075215782926
AUBANK,2017-09-15,2018-01-01,282.45,330.5,72,17.0118605062843
INDUSTOWER,2017-09-15,2017-11-14,375.05,394.05,39,5.065991201173177
ONGC,2017-09-15,2017-11-24,166.25,181.0,47,8.87218045112782
ZEEL,2017-09-18,2017-10-10,544.0,522.25,15,-3.9981617647058822
GMRINFRA,2017-09-18,2017-09-27,18.15,15.9,7,-12.396694214876023
ABBOTINDIA,2017-09-18,2018-01-10,4076.0,5247.8,78,28.748773307163887
CHAMBLFERT,2017-09-18,2017-09-26,150.0,138.5,6,-7.666666666666666
CANFINHOME,2017-09-19,2017-09-22,575.0,530.0,3,-7.82608695652174
COFORGE,2017-09-20,2017-12-13,534.2,611.5,57,14.470235866716576
APOLLOTYRE,2017-09-20,2017-10-03,262.25,243.95,8,-6.9780743565300325
COROMANDEL,2017-09-20,2018-01-29,437.0,530.15,88,21.315789473684205
BAJAJFINSV,2017-09-21,2017-09-27,546.9,504.5,4,-7.752788443956844
LTIM,2017-09-21,2018-03-14,781.0,1358.5,117,73.94366197183099
CANBK,2017-09-22,2017-09-27,326.0,316.95,3,-2.776073619631905
EICHERMOT,2017-09-25,2017-09-27,3095.0,3048.8,2,-1.4927302100161493
RECLTD,2017-09-25,2017-10-04,125.93,116.14,6,-7.774160247756695
CUMMINSIND,2017-09-25,2017-11-14,893.5,843.4,33,-5.60716284275322
MRF,2017-09-25,2017-09-27,63200.0,61505.0,2,-2.6819620253164556
GODREJCP,2017-09-25,2017-10-26,620.03,616.0,20,-0.649968549908871
DEEPAKNTR,2017-09-25,2017-12-06,177.2,202.3,49,14.164785553047418
MARUTI,2017-09-27,2018-01-09,7735.0,9385.1,70,21.332902391725924
KOTAKBANK,2017-09-28,2017-11-06,1006.1,1012.35,24,0.6212106152469934
MRF,2017-09-29,2017-12-06,63220.0,66550.0,45,5.267320468206264
M&M,2017-10-03,2017-12-06,628.53,684.35,44,8.881039886719815
NTPC,2017-10-06,2017-11-14,146.33,147.17,25,0.5740449668557199
FEDERALBNK,2017-10-06,2017-11-07,118.0,113.8,20,-3.559322033898307
PIIND,2017-10-09,2018-01-25,746.15,916.1,75,22.77692153052336
IDFCFIRSTB,2017-10-09,2017-10-31,59.65,56.6,14,-5.113160100586751
MOTHERSON,2017-10-11,2017-11-21,156.29,156.49,27,0.12796724038647198
BHARTIARTL,2017-10-11,2017-11-21,372.78,462.67,27,24.113418101829513
TATACOMM,2017-10-11,2017-12-04,671.0,670.0,36,-0.14903129657228018
BRITANNIA,2017-10-12,2017-12-28,2285.05,2330.5,52,1.9890155576464328
POWERGRID,2017-10-13,2017-11-22,115.74,116.73,26,0.8553654743390436
AXISBANK,2017-10-16,2017-10-18,518.9,464.5,2,-10.483715552129501
ASTRAL,2017-10-17,2018-01-30,334.8,351.9,71,5.10752688172042
WIPRO,2017-10-18,2017-11-24,221.06,220.24,25,-0.3709400162851683
RAMCOCEM,2017-10-23,2017-12-07,699.55,692.0,33,-1.0792652419412414
PIDILITIND,2017-10-23,2017-10-30,802.05,787.0,5,-1.8764416183529649
HINDUNILVR,2017-10-23,2017-12-01,1249.95,1245.3,29,-0.3720148805952311
BHEL,2017-10-23,2017-11-20,86.75,87.2,20,0.5187319884726258
AMBUJACEM,2017-10-23,2017-11-20,281.8,264.8,20,-6.032647267565649
ABCAPITAL,2017-10-30,2017-12-06,178.7,186.6,27,4.420817011751542
CONCOR,2017-11-20,2017-12-01,544.82,511.16,9,-6.178187291215451
ABFRL,2017-11-20,2018-01-25,155.25,167.95,47,8.180354267310781
GAIL,2017-11-20,2018-01-15,115.62,122.66,39,6.088911952949309
ICICIPRULI,2017-11-21,2017-12-11,398.0,372.9,14,-6.306532663316588
APOLLOTYRE,2017-11-21,2018-01-25,246.7,261.1,46,5.837049047426038
MFSL,2017-11-21,2018-01-16,575.5,559.0,39,-2.8670721112076456
NTPC,2017-11-21,2017-12-15,151.88,147.54,18,-2.857519094021598
SBILIFE,2017-11-21,2018-01-30,688.5,667.95,48,-2.984749455337684
ICICIGI,2017-11-21,2018-03-05,695.0,780.0,70,12.23021582733813
LAURUSLABS,2017-11-23,2018-02-01,106.6,103.2,48,-3.1894934333958647
NMDC,2017-11-23,2018-01-25,127.0,143.8,44,13.228346456692922
INDHOTEL,2017-11-23,2017-12-28,118.0,117.35,24,-0.5508474576271235
HAVELLS,2017-11-23,2018-02-05,510.3,499.95,50,-2.028218694885366
M&MFIN,2017-11-23,2018-02-05,267.26,266.59,50,-0.2506922098331273
RBLBANK,2017-11-24,2017-12-18,512.4,508.0,16,-0.8587041373926576
MOTHERSON,2017-11-27,2018-01-30,160.0,161.47,44,0.9187499999999993
IBULHSGFIN,2017-11-28,2018-02-16,1200.6,1269.0,55,5.697151424287864
PEL,2017-11-28,2018-02-02,2676.42,2576.92,46,-3.7176526853035026
UPL,2017-11-30,2018-02-07,484.67,468.53,47,-3.3301008933913883
LICHSGFIN,2017-11-30,2017-12-06,583.0,552.6,4,-5.2144082332761545
BALRAMCHIN,2017-11-30,2017-12-13,160.0,145.15,9,-9.281249999999996
BERGEPAINT,2017-11-30,2018-01-18,216.08,210.29,34,-2.6795631247686136
TATASTEEL,2017-12-01,2018-02-21,58.79,64.41,55,9.559448885864938
MARICO,2017-12-01,2018-01-25,311.0,308.95,38,-0.6591639871382673
CUB,2017-12-01,2018-01-16,156.41,158.64,31,1.4257400421967839
CUMMINSIND,2017-12-01,2018-01-24,844.9,908.1,37,7.480175168659018
IDFC,2017-12-01,2017-12-14,61.0,57.25,9,-6.147540983606557
EICHERMOT,2017-12-01,2017-12-05,2940.0,2888.55,2,-1.749999999999994
INFY,2017-12-04,2018-02-14,492.2,545.5,49,10.828931328728162
BAJFINANCE,2017-12-04,2017-12-06,1676.6,1674.95,2,-0.09841345580340355
FEDERALBNK,2017-12-05,2017-12-12,108.5,106.75,5,-1.6129032258064515
NAVINFLUOR,2017-12-05,2018-02-02,698.0,784.0,41,12.320916905444127
CHOLAFIN,2017-12-05,2018-05-14,260.41,316.58,107,21.569832187703987
MGL,2017-12-07,2017-12-28,1143.0,1087.0,14,-4.899387576552931
SUNTV,2017-12-07,2018-02-02,855.8,956.05,39,11.714185557373218
PIDILITIND,2017-12-07,2018-01-25,857.55,877.0,34,2.268089324237659
ASIANPAINT,2017-12-07,2017-12-12,1143.0,1118.15,3,-2.174103237095355
HINDUNILVR,2017-12-08,2018-02-06,1318.0,1327.85,40,0.7473444613050007
INDIGO,2017-12-08,2018-03-19,1183.5,1215.15,67,2.674271229404317
HINDPETRO,2017-12-08,2018-01-04,428.0,416.0,18,-2.803738317757009
ABB,2017-12-08,2018-02-16,1345.35,1512.05,47,12.390827665663215
INTELLECT,2017-12-08,2018-01-30,142.25,160.85,35,13.075571177504388
ITC,2017-12-08,2018-02-15,262.6,268.0,46,2.0563594821020477
IOC,2017-12-08,2017-12-29,135.17,129.6,14,-4.120736849892722
DIVISLAB,2017-12-08,2018-02-02,1058.2,1020.0,38,-3.609903609903614
COLPAL,2017-12-11,2018-02-08,1077.2,1100.9,41,2.2001485332343154
TATACOMM,2017-12-11,2018-01-01,720.75,678.5,14,-5.861949358307319
ADANIPORTS,2017-12-12,2018-02-07,401.05,404.55,39,0.8727091385114075
SIEMENS,2017-12-12,2018-02-07,1161.9,1213.0,39,4.397968844134599
IEX,2017-12-12,2018-02-06,53.8,51.2,38,-4.83271375464683
BPCL,2017-12-13,2018-01-04,507.35,491.5,15,-3.1240760816004776
TITAN,2017-12-13,2018-01-30,821.6,881.0,32,7.229795520934758
ULTRACEMCO,2017-12-13,2018-02-02,4273.0,4139.0,35,-3.135970044465247
SHREECEM,2017-12-13,2018-01-29,17681.0,17750.0,31,0.39024942028165827
KOTAKBANK,2017-12-13,2018-01-05,1015.0,1003.0,16,-1.1822660098522169
COALINDIA,2017-12-15,2018-03-13,271.2,295.2,58,8.849557522123893
MRF,2017-12-15,2018-01-15,67588.0,71350.2,20,5.56637272888678
SRF,2017-12-15,2018-01-29,373.0,367.0,29,-1.6085790884718498
CIPLA,2017-12-15,2018-02-02,575.2,579.0,33,0.6606397774686985
M&M,2017-12-15,2018-02-20,741.5,709.0,44,-4.3830074173971685
HEROMOTOCO,2017-12-18,2018-01-15,3540.0,3620.05,19,2.2612994350282536
HDFCBANK,2017-12-18,2018-02-09,939.2,926.0,37,-1.4054514480408906
CANFINHOME,2017-12-18,2018-01-11,473.5,485.3,17,2.4920802534318924
GUJGASLTD,2017-12-18,2017-12-20,167.3,166.4,2,-0.5379557680812944
LT,2017-12-18,2018-02-16,1216.1,1330.0,41,9.36600608502591
ACC,2017-12-18,2018-01-25,1699.3,1733.8,27,2.030247749073148
TCS,2017-12-18,2018-02-14,1288.3,1450.0,39,12.551424357680668
POWERGRID,2017-12-18,2018-01-10,112.64,112.75,16,0.09765624999999949
WIPRO,2017-12-18,2018-01-31,220.65,228.79,30,3.6891003852254642
CHAMBLFERT,2017-12-19,2018-05-11,148.05,176.3,96,19.081391421816953
ATUL,2017-12-19,2018-01-31,2645.0,2722.35,29,2.924385633270318
BHARATFORG,2017-12-19,2018-02-02,728.0,682.3,31,-6.2774725274725345
ICICIPRULI,2017-12-19,2018-02-22,393.85,401.2,44,1.8661927129617788
EICHERMOT,2017-12-19,2018-01-09,3086.91,2860.0,14,-7.350716412205081
EXIDEIND,2017-12-19,2018-02-05,215.5,204.9,32,-4.918793503480276
COFORGE,2017-12-20,2018-02-16,643.5,817.0,39,26.961926961926963
ZEEL,2017-12-21,2018-02-06,574.0,572.0,31,-0.34843205574912894
IDFCFIRSTB,2017-12-21,2018-01-31,55.15,56.75,27,2.9011786038077996
ONGC,2017-12-22,2018-02-14,193.5,184.55,35,-4.625322997416015
GRANULES,2017-12-22,2018-02-01,132.2,126.9,27,-4.009077155824495
PERSISTENT,2017-12-26,2018-03-19,691.0,800.3,56,15.817655571635306
GUJGASLTD,2017-12-28,2018-02-02,167.1,169.1,25,1.196888090963495
GRASIM,2017-12-29,2018-01-30,1160.54,1152.97,21,-0.6522825581194905
JUBLFOOD,2017-12-29,2018-02-12,174.83,201.79,30,15.420694388834855
AXISBANK,2017-12-29,2018-02-12,562.05,562.6,30,0.09785606262789222
LALPATHLAB,2017-12-29,2018-02-06,882.0,863.0,26,-2.1541950113378685
TRENT,2017-12-29,2018-01-25,337.0,324.8,19,-3.6201780415430234
BHEL,2018-01-01,2018-02-02,95.55,93.25,23,-2.4071166928309755
MGL,2018-01-01,2018-01-18,1119.95,1048.0,13,-6.424393946158315
TATACHEM,2018-01-02,2018-01-25,737.55,717.85,17,-2.671005355569105
UBL,2018-01-03,2018-02-16,1090.0,1012.0,30,-7.155963302752294
INDHOTEL,2018-01-03,2018-02-14,121.5,135.7,28,11.6872427983539
HDFCLIFE,2018-01-04,2018-02-06,399.25,438.8,22,9.906073888541018
ASIANPAINT,2018-01-04,2018-01-30,1175.3,1128.0,17,-4.024504381859947
RBLBANK,2018-01-05,2018-01-25,540.1,511.65,14,-5.267543047583789
TORNTPHARM,2018-01-05,2018-02-05,708.03,669.0,20,-5.512478284818436
BHARTIARTL,2018-01-05,2018-01-15,495.72,464.87,6,-6.223271201484713
MCX,2018-01-08,2018-01-16,951.95,877.1,6,-7.862807920584067
NESTLEIND,2018-01-09,2018-01-19,779.5,767.2,8,-1.5779345734445098
ABBOTINDIA,2018-01-11,2018-03-16,5400.0,5515.0,43,2.1296296296296298
INDUSINDBK,2018-01-11,2018-02-19,1700.7,1637.0,25,-3.745516552007999
INDUSTOWER,2018-01-12,2018-01-18,374.9,344.15,4,-8.202187249933315
AMBUJACEM,2018-01-15,2018-01-24,277.05,260.9,7,-5.829272694459496
MPHASIS,2018-01-16,2018-03-07,749.0,841.1,33,12.296395193591458
BRITANNIA,2018-01-16,2018-03-21,2345.0,2415.0,43,2.9850746268656714
BAJFINANCE,2018-01-16,2018-01-25,1692.0,1714.0,7,1.3002364066193852
RECLTD,2018-01-16,2018-02-01,115.73,114.83,11,-0.7776721679771932
JKCEMENT,2018-01-16,2018-02-06,1142.45,1048.1,14,-8.258567114534564
HCLTECH,2018-01-16,2018-02-14,474.65,467.0,19,-1.6117138944485365
HINDPETRO,2018-01-16,2018-01-25,411.0,383.6,7,-6.666666666666661
ICICIBANK,2018-01-16,2018-02-09,333.55,327.5,17,-1.8138210163393829
TATAMOTORS,2018-01-17,2018-01-22,423.25,422.2,3,-0.24808033077377703
PNB,2018-01-17,2018-02-07,176.3,155.95,14,-11.5428247305729
CUB,2018-01-18,2018-01-29,160.91,150.91,6,-6.214654154496302
GODREJCP,2018-01-18,2018-02-12,688.67,678.73,16,-1.4433618423918482
PVRINOX,2018-01-18,2018-02-02,1454.05,1319.5,10,-9.253464461332138
DRREDDY,2018-01-18,2018-01-31,2452.0,2224.0,8,-9.29853181076672
SHRIRAMFIN,2018-01-18,2018-01-30,1459.0,1374.0,7,-5.825908156271418
PFC,2018-01-18,2018-01-29,95.32,93.96,6,-1.426772975241292
ZYDUSLIFE,2018-01-19,2018-01-29,441.2,418.9,5,-5.054397098821399
BIOCON,2018-01-19,2018-02-20,284.4,285.75,20,0.47468354430380544
KOTAKBANK,2018-01-22,2018-02-21,1073.0,1054.05,20,-1.7660764212488393
RELIANCE,2018-01-22,2018-02-12,960.89,903.44,14,-5.978832124384678
VEDL,2018-01-23,2018-02-14,343.95,312.65,14,-9.100159906963224
SBIN,2018-01-23,2018-02-14,318.95,275.5,14,-13.622824894184038
SUNPHARMA,2018-01-24,2018-02-01,587.1,555.55,5,-5.37387157213423
GLENMARK,2018-01-24,2018-02-01,638.5,588.0,5,-7.909162098668755
MARUTI,2018-01-29,2018-02-02,9612.45,8995.0,4,-6.4234404340204705
BPCL,2018-01-30,2018-02-21,480.9,447.5,15,-6.945310875441875
ZYDUSLIFE,2018-01-30,2018-02-01,425.0,417.7,2,-1.7176470588235322
NAUKRI,2018-01-31,2018-02-06,1350.0,1200.0,4,-11.11111111111111
APOLLOHOSP,2018-01-31,2018-03-13,1162.0,1096.5,27,-5.636833046471601
IPCALAB,2018-01-31,2018-05-18,287.5,347.62,72,20.91130434782609
BAJAJ-AUTO,2018-02-01,2018-02-19,3417.65,3030.25,11,-11.335274238146097
SBILIFE,2018-02-01,2018-02-22,708.0,665.7,14,-5.974576271186434
AMBUJACEM,2018-02-01,2018-02-05,265.5,259.95,2,-2.090395480225993
MRF,2018-02-01,2018-03-16,71776.9,70257.7,29,-2.116558391348745
HEROMOTOCO,2018-02-02,2018-02-22,3620.0,3471.05,13,-4.114640883977896
BOSCHLTD,2018-02-05,2018-02-26,20000.0,19070.1,14,-4.649500000000007
POWERGRID,2018-02-05,2018-06-04,110.72,114.22,80,3.1611271676300583
PIDILITIND,2018-02-05,2018-06-15,874.7,1085.0,89,24.042528867040122
EICHERMOT,2018-02-07,2018-05-04,2790.53,2920.0,57,4.639620430527526
AMBUJACEM,2018-02-20,2018-03-07,265.7,235.2,10,-11.479111780203237
INDUSTOWER,2018-02-26,2018-04-17,344.55,334.0,33,-3.061964881729796
INFY,2018-02-28,2018-04-03,584.92,569.7,21,-2.602065239690883
GODREJCP,2018-02-28,2018-05-15,711.4,718.73,50,1.0303626651672817
ZEEL,2018-03-06,2018-05-21,556.7,551.1,51,-1.0059277887551683
RELIANCE,2018-03-06,2018-03-20,900.17,884.12,10,-1.7829965450970324
MARUTI,2018-03-06,2018-04-26,8624.0,8945.0,35,3.7221706864564004
BERGEPAINT,2018-03-07,2018-08-29,204.75,285.0,120,39.1941391941392
M&M,2018-03-07,2018-05-21,707.2,822.1,50,16.247171945701353
RAMCOCEM,2018-03-07,2018-05-31,729.75,766.0,58,4.967454607742377
EXIDEIND,2018-03-08,2018-06-15,209.2,250.95,68,19.95697896749522
JKCEMENT,2018-03-08,2018-04-06,1023.0,976.0,19,-4.594330400782014
FEDERALBNK,2018-03-08,2018-04-04,93.25,91.55,17,-1.8230563002680995
DABUR,2018-03-08,2018-03-13,328.8,325.6,3,-0.9732360097323567
HAVELLS,2018-03-08,2018-08-30,502.55,720.0,120,43.269326435180574
JUBLFOOD,2018-03-09,2018-08-31,204.7,309.56,120,51.22618466047876
ITC,2018-03-12,2018-04-03,269.9,259.1,14,-4.001482030381606
ATUL,2018-03-12,2018-05-21,2705.1,2787.0,47,3.027614505933241
TITAN,2018-03-13,2018-05-21,852.05,915.25,46,7.417405081861399
DIVISLAB,2018-03-13,2018-05-21,1047.05,1133.3,46,8.237428967098037
ICICIGI,2018-03-13,2018-03-16,826.85,770.0,3,-6.875491322488966
LAURUSLABS,2018-03-13,2018-03-21,108.62,101.8,6,-6.278770023936667
TCS,2018-03-13,2018-03-15,1443.05,1433.45,2,-0.6652576140812799
GUJGASLTD,2018-03-14,2018-03-20,165.58,166.91,4,0.8032371059306582
ACC,2018-03-14,2018-03-19,1616.45,1571.1,3,-2.8055306381267675
INDHOTEL,2018-03-15,2018-03-20,132.9,129.0,3,-2.9345372460496657
AUBANK,2018-03-15,2018-07-02,299.58,332.05,74,10.838507243474208
WIPRO,2018-03-15,2018-05-03,219.94,203.63,32,-7.4156588160407395
NTPC,2018-03-16,2018-05-09,137.5,141.83,35,3.1490909090909183
ULTRACEMCO,2018-03-16,2018-03-20,4040.5,3946.05,2,-2.3375819824279125
TATACOMM,2018-03-16,2018-04-26,627.25,622.7,27,-0.7253886010362621
HCLTECH,2018-03-16,2018-05-11,481.1,466.35,37,-3.065890667220952
HEROMOTOCO,2018-03-16,2018-03-23,3542.0,3415.0,5,-3.585544889892716
ASIANPAINT,2018-03-16,2018-06-20,1121.15,1270.6,65,13.330062881862355
TATACONSUM,2018-03-19,2018-03-23,260.65,258.2,4,-0.939957797813155
DLF,2018-03-19,2018-03-23,214.0,202.2,4,-5.51401869158879
SHREECEM,2018-03-19,2018-05-10,16001.3,16130.0,35,0.804309649840955
BATAINDIA,2018-03-19,2018-05-21,678.75,746.2,42,9.937384898710873
MARICO,2018-03-20,2018-05-21,319.0,310.0,41,-2.8213166144200628
SRF,2018-03-20,2018-05-18,382.2,383.8,40,0.41862899005756743
SBILIFE,2018-03-21,2018-05-15,675.0,679.05,36,0.5999999999999932
M&MFIN,2018-03-21,2018-05-15,274.34,293.88,36,7.12254866224394
TECHM,2018-03-23,2018-05-14,622.1,664.6,33,6.831699083748593
MANAPPURAM,2018-03-23,2018-05-18,105.8,113.45,37,7.230623818525525
BAJFINANCE,2018-03-26,2018-05-09,1744.45,1848.0,29,5.93596835678867
HDFCBANK,2018-03-26,2018-06-20,948.03,1028.0,59,8.435387065810158
APOLLOTYRE,2018-03-27,2018-05-21,275.9,275.5,36,-0.14498006524102114
DABUR,2018-03-27,2018-07-06,324.15,370.35,70,14.252660805182801
BAJAJFINSV,2018-03-27,2018-07-02,526.6,576.3,66,9.437903532092657
MRF,2018-03-27,2018-05-08,72650.1,75700.0,27,4.198067174030035
NESTLEIND,2018-03-27,2018-09-12,813.61,1043.0,116,28.194097909317726
IBULHSGFIN,2018-03-28,2018-05-04,1238.45,1253.15,24,1.1869675804432998
GUJGASLTD,2018-03-28,2018-06-05,166.21,165.82,46,-0.23464292160520714
GLENMARK,2018-03-28,2018-05-04,524.0,535.35,24,2.1660305343511497
KOTAKBANK,2018-04-02,2018-07-26,1095.0,1310.55,82,19.68493150684931
OFSS,2018-04-02,2018-05-15,3926.65,3942.0,30,0.3909184673958695
SIEMENS,2018-04-03,2018-04-20,1125.0,1071.75,13,-4.733333333333333
VOLTAS,2018-04-03,2018-05-10,647.05,601.5,26,-7.039641449656125
LUPIN,2018-04-04,2018-05-11,777.0,752.4,26,-3.1660231660231695
ASHOKLEY,2018-04-04,2018-05-16,146.2,152.85,29,4.5485636114911125
ICICIPRULI,2018-04-04,2018-05-24,390.75,404.4,35,3.493282149712086
MGL,2018-04-05,2018-04-17,1012.2,895.5,8,-11.529342027267342
ABCAPITAL,2018-04-05,2018-05-14,155.5,149.7,26,-3.729903536977499
FEDERALBNK,2018-04-06,2018-05-10,97.05,89.5,23,-7.779495105615659
AXISBANK,2018-04-09,2018-06-18,517.4,522.5,49,0.9856977193660654
TORNTPHARM,2018-04-09,2018-05-21,650.5,667.4,29,2.598001537279013
NMDC,2018-04-10,2018-05-08,123.6,119.6,19,-3.2362459546925573
PETRONET,2018-04-11,2018-05-03,235.55,218.0,15,-7.450647420929743
BSOFT,2018-04-12,2018-08-24,226.35,287.9,93,27.19240114866357
INFY,2018-04-12,2018-10-05,582.5,722.5,120,24.034334763948497
COROMANDEL,2018-04-16,2018-04-24,532.85,470.3,6,-11.73876325419912
GODREJPROP,2018-04-17,2018-05-25,765.5,731.2,27,-4.480731548007832
ITC,2018-04-18,2018-05-25,276.5,272.8,26,-1.338155515370701
INDUSINDBK,2018-04-19,2018-07-16,1836.25,1923.95,61,4.776038121170867
ACC,2018-04-19,2018-05-07,1563.0,1524.9,11,-2.4376199616122785
ULTRACEMCO,2018-04-19,2018-05-21,4091.35,3865.0,21,-5.532403729820228
ABB,2018-04-20,2018-05-14,1289.0,1251.0,15,-2.948021722265322
GRANULES,2018-04-23,2018-05-07,110.4,100.05,9,-9.375000000000007
RELIANCE,2018-04-24,2018-05-18,962.28,925.33,17,-3.8398387163819194
GRASIM,2018-04-25,2018-05-21,1056.75,1031.9,17,-2.3515495623373464
LICHSGFIN,2018-04-25,2018-05-04,543.8,517.4,6,-4.85472600220669
PFC,2018-04-26,2018-05-14,66.64,63.36,11,-4.9219687875150075
DRREDDY,2018-04-26,2018-05-10,2089.35,1989.35,9,-4.786177519324192
ICICIGI,2018-04-26,2018-05-04,752.15,724.0,5,-3.742604533670143
IEX,2018-04-27,2018-06-05,54.27,51.83,26,-4.496038326884107
COALINDIA,2018-04-27,2018-05-04,286.8,272.5,4,-4.986052998605304
IDFCFIRSTB,2018-04-27,2018-05-02,47.8,47.8,2,0.0
AMBUJACEM,2018-04-30,2018-05-08,250.5,229.5,5,-8.383233532934131
JKCEMENT,2018-04-30,2018-05-21,1002.0,953.0,14,-4.8902195608782435
UPL,2018-04-30,2018-05-03,488.0,471.33,2,-3.41598360655738
SIEMENS,2018-04-30,2018-05-21,1125.6,1035.0,14,-8.049040511727071
SUNPHARMA,2018-05-02,2018-05-14,517.0,473.0,8,-8.51063829787234
HEROMOTOCO,2018-05-02,2018-05-07,3648.0,3645.0,3,-0.08223684210526315
SUNTV,2018-05-02,2018-05-10,874.5,856.0,6,-2.115494568324757
TATAPOWER,2018-05-02,2018-05-09,87.0,82.95,5,-4.6551724137931005
BHARATFORG,2018-05-03,2018-05-11,747.0,724.9,6,-2.958500669344046
ZYDUSLIFE,2018-05-03,2018-05-17,393.45,386.4,10,-1.791841402973697
JSWSTEEL,2018-05-03,2018-06-27,319.0,318.4,39,-0.188087774294678
MUTHOOTFIN,2018-05-03,2018-05-15,445.2,426.55,8,-4.1891284815813075
MOTHERSON,2018-05-04,2018-05-15,148.62,147.91,7,-0.4777284349347382
PIIND,2018-05-04,2018-05-16,869.0,813.0,8,-6.444188722669736
TATACHEM,2018-05-04,2018-05-23,763.65,721.95,13,-5.460616774700442
ONGC,2018-05-04,2018-05-30,180.25,174.5,18,-3.19001386962552
APOLLOHOSP,2018-05-04,2018-05-10,1100.3,1030.8,4,-6.316459147505227
ICICIBANK,2018-05-07,2018-05-29,292.9,289.75,16,-1.0754523728234817
AUROPHARMA,2018-05-07,2018-05-17,620.75,594.75,8,-4.18848167539267
GAIL,2018-05-07,2018-05-24,114.67,101.67,13,-11.336879741867968
DLF,2018-05-08,2018-05-18,221.7,199.0,8,-10.23906179521876
ABFRL,2018-05-08,2018-06-04,142.0,140.2,19,-1.267605633802825
BOSCHLTD,2018-05-08,2018-05-10,19021.8,18766.0,2,-1.3447728395840524
NAUKRI,2018-05-08,2018-06-19,1206.0,1191.55,30,-1.1981757877280304
PEL,2018-05-10,2018-05-14,2381.3,2371.0,2,-0.43253684961996314
TATASTEEL,2018-05-11,2018-05-23,60.62,54.14,8,-10.689541405476735
SUNTV,2018-05-11,2018-06-01,879.0,887.55,15,0.9726962457337833
TATACOMM,2018-05-11,2018-06-15,634.0,612.0,25,-3.4700315457413247
NTPC,2018-05-14,2018-05-21,142.67,137.12,5,-3.890096025793778
SBIN,2018-05-14,2018-07-02,252.35,260.0,35,3.0315038636813973
ESCORTS,2018-05-14,2018-05-18,938.25,886.2,4,-5.547561950439643
DIXON,2018-05-14,2018-05-24,732.4,680.79,8,-7.046695794647735
COLPAL,2018-05-15,2018-06-19,1154.8,1194.3,25,3.420505715275372
BAJFINANCE,2018-05-15,2018-09-06,1900.0,2672.2,80,40.64210526315789
HINDUNILVR,2018-05-16,2018-09-05,1574.15,1606.25,78,2.0391957564399776
BRITANNIA,2018-05-16,2018-09-07,2770.0,3111.5,80,12.328519855595669
PAGEIND,2018-05-23,2018-09-18,23750.0,32847.95,81,38.30715789473683
ALKEM,2018-05-23,2018-06-29,1935.0,1891.7,27,-2.237726098191212
ASTRAL,2018-05-24,2018-09-24,432.0,450.9,83,4.374999999999995
CUB,2018-05-24,2018-06-20,166.82,166.82,19,0.0
HINDALCO,2018-05-25,2018-06-21,245.05,222.1,19,-9.365435625382581
TORNTPHARM,2018-05-25,2018-07-05,663.97,711.9,29,7.21869964004397
TCS,2018-05-28,2018-10-15,1749.68,1954.6,95,11.711855882218455
LT,2018-05-28,2018-06-18,1372.05,1323.0,15,-3.574942604132499
ICICIGI,2018-05-28,2018-06-25,750.0,710.0,20,-5.333333333333334
SHREECEM,2018-05-29,2018-06-19,16850.0,15800.0,15,-6.231454005934718
BATAINDIA,2018-05-30,2018-09-18,792.6,1008.0,76,27.17638152914458
GODREJCP,2018-05-31,2018-08-10,764.27,863.33,51,12.961387991154966
TRENT,2018-05-31,2018-06-04,326.0,322.0,2,-1.2269938650306749
SIEMENS,2018-05-31,2018-06-05,1050.0,974.6,3,-7.1809523809523785
EICHERMOT,2018-05-31,2018-06-27,3065.0,2827.1,19,-7.761827079934751
MARUTI,2018-06-01,2018-08-10,8798.0,9119.9,50,3.658786087747211
ATUL,2018-06-01,2018-06-20,2749.7,2685.0,13,-2.3529839618867445
BAJAJ-AUTO,2018-06-01,2018-06-26,2896.5,2816.2,17,-2.7723114103228097
LUPIN,2018-06-04,2018-07-16,774.95,816.0,30,5.297115942964056
BANDHANBNK,2018-06-05,2018-09-06,468.9,642.9,65,37.108125399872044
BOSCHLTD,2018-06-06,2018-06-26,18998.2,17605.3,14,-7.331747218157517
PEL,2018-06-06,2018-07-12,2337.86,2444.26,26,4.5511707287861585
MARICO,2018-06-06,2018-06-29,335.0,331.3,17,-1.104477611940295
DRREDDY,2018-06-08,2018-07-06,2059.95,2267.0,20,10.051214835311546
SBILIFE,2018-06-11,2018-06-29,712.55,675.3,14,-5.227703319065329
ZEEL,2018-06-11,2018-07-02,565.15,535.7,15,-5.211005927629821
HCLTECH,2018-06-11,2018-10-11,454.95,506.45,83,11.319925266512804
HDFCLIFE,2018-06-12,2018-06-29,503.1,455.3,13,-9.501093222023457
IEX,2018-06-13,2018-07-19,54.07,53.05,26,-1.8864434991677514
ICICIPRULI,2018-06-13,2018-06-15,409.6,399.4,2,-2.490234375000011
TECHM,2018-06-14,2018-06-29,698.4,653.2,11,-6.471935853379144
TRENT,2018-06-14,2018-06-25,327.0,312.5,7,-4.434250764525994
ICICIBANK,2018-06-15,2018-07-06,281.85,270.15,15,-4.151144225651959
SYNGENE,2018-06-15,2018-07-23,291.3,298.4,26,2.4373498111912
NAVINFLUOR,2018-06-19,2018-06-26,669.8,649.9,5,-2.9710361301881125
HINDPETRO,2018-06-22,2018-06-27,308.6,275.55,3,-10.709656513285811
MUTHOOTFIN,2018-06-22,2018-08-31,383.05,408.0,48,6.513509985641558
M&M,2018-06-22,2018-09-28,910.0,864.35,66,-5.016483516483514
AXISBANK,2018-06-22,2018-06-27,524.55,509.0,3,-2.964445715375075
MCDOWELL-N,2018-06-22,2018-07-12,682.9,602.0,14,-11.846536828232534
BPCL,2018-06-25,2018-06-27,412.0,380.65,2,-7.60922330097088
ULTRACEMCO,2018-06-25,2018-09-18,3737.55,4057.8,58,8.568447244852912
TVSMOTOR,2018-06-25,2018-07-25,596.85,540.35,22,-9.466365083354276
ACC,2018-06-26,2018-09-11,1359.0,1525.4,53,12.244297277409867
GRASIM,2018-06-26,2018-06-29,1027.76,1002.02,3,-2.504475753094108
AMBUJACEM,2018-06-26,2018-07-16,211.4,190.8,14,-9.7445600756859
BALKRISIND,2018-06-26,2018-06-28,1060.9,1020.0,2,-3.8552172683570634
TRENT,2018-06-26,2018-06-28,312.95,299.35,2,-4.345742131330873
LICHSGFIN,2018-06-26,2018-06-28,479.75,467.8,2,-2.4908806670140673
INDUSTOWER,2018-06-27,2018-07-25,300.0,286.05,20,-4.649999999999997
BHARTIARTL,2018-06-28,2018-07-05,349.32,333.85,5,-4.428604145196373
ABFRL,2018-06-28,2018-09-17,137.0,190.45,54,39.014598540145975
MRF,2018-06-28,2018-08-13,72996.0,73300.0,32,0.4164611759548469
NTPC,2018-06-29,2018-10-05,132.79,134.58,65,1.347993071767468
EXIDEIND,2018-06-29,2018-09-05,258.05,274.65,46,6.432861848478963
LTIM,2018-06-29,2018-10-09,1665.95,1723.0,67,3.4244725231849666
GAIL,2018-06-29,2018-09-06,113.42,121.88,47,7.45900193969317
MGL,2018-06-29,2018-08-23,829.3,840.0,37,1.2902447847582355
TATACONSUM,2018-07-02,2018-07-19,264.5,232.5,13,-12.098298676748582
ICICIGI,2018-07-02,2018-10-03,705.0,752.9,62,6.7943262411347485
BAJAJ-AUTO,2018-07-02,2018-07-24,2830.7,2648.0,16,-6.454233935069058
MARICO,2018-07-03,2018-09-12,341.5,344.0,49,0.7320644216691069
ZEEL,2018-07-05,2018-07-10,548.0,537.75,3,-1.8704379562043798
RELIANCE,2018-07-05,2018-09-18,955.94,1203.99,50,25.94828127288323
ASIANPAINT,2018-07-05,2018-08-13,1325.0,1400.0,27,5.660377358490567
ITC,2018-07-05,2018-09-11,272.6,296.2,46,8.657373440939093
HEROMOTOCO,2018-07-06,2018-07-23,3646.25,3152.0,11,-13.55502228316764
MPHASIS,2018-07-06,2018-09-21,1104.9,1192.0,51,7.883066340845317
RBLBANK,2018-07-09,2018-09-17,580.0,596.6,47,2.862068965517245
TATACOMM,2018-07-10,2018-07-16,620.95,558.35,4,-10.08132699895322
SIEMENS,2018-07-10,2018-09-10,1018.0,976.4,42,-4.086444007858549
BOSCHLTD,2018-07-10,2018-09-21,17835.6,20150.0,49,12.97629460180763
WIPRO,2018-07-10,2018-10-11,203.55,235.13,62,15.514615573569138
PIIND,2018-07-11,2018-07-24,780.0,764.7,9,-1.9615384615384555
ATUL,2018-07-11,2018-10-08,2810.0,3010.0,58,7.11743772241993
CUMMINSIND,2018-07-11,2018-07-16,664.0,624.0,3,-6.024096385542169
COFORGE,2018-07-11,2018-09-21,1130.0,1213.75,48,7.411504424778761
ABB,2018-07-11,2018-10-05,1247.0,1387.0,57,11.226944667201282
DRREDDY,2018-07-12,2018-07-16,2352.3,2084.95,2,-11.365472091144852
PETRONET,2018-07-12,2018-07-19,216.7,207.95,5,-4.037840332256576
HDFCLIFE,2018-07-16,2018-08-16,457.95,460.0,22,0.44764712304837023
SBIN,2018-07-17,2018-09-10,259.0,284.8,37,9.961389961389965
DABUR,2018-07-17,2018-10-08,377.15,408.5,54,8.312342569269529
IBULHSGFIN,2018-07-18,2018-08-27,1199.05,1286.75,26,7.314123681247659
ONGC,2018-07-18,2018-10-05,160.3,147.1,52,-8.234560199625712
TORNTPHARM,2018-07-18,2018-09-28,719.53,827.5,48,15.005628674273488
COALINDIA,2018-07-18,2018-07-30,260.7,262.8,8,0.8055235903337257
NAVINFLUOR,2018-07-18,2018-07-24,620.1,598.0,4,-3.5639412997903603
AXISBANK,2018-07-19,2018-09-18,526.55,609.0,40,15.6585319532808
CIPLA,2018-07-20,2018-10-11,625.85,615.9,54,-1.5898378205640402
INDHOTEL,2018-07-20,2018-09-24,128.25,124.1,42,-3.2358674463937662
ADANIPORTS,2018-07-23,2018-08-14,383.5,372.35,16,-2.907431551499342
ICICIPRULI,2018-07-23,2018-08-16,376.0,387.45,17,3.045212765957444
ABCAPITAL,2018-07-23,2018-08-27,130.5,139.0,23,6.513409961685824
LT,2018-07-24,2018-08-13,1327.0,1271.35,14,-4.193669932177851
PIDILITIND,2018-07-24,2018-09-28,1080.0,1043.05,44,-3.4212962962963007
PETRONET,2018-07-24,2018-08-17,215.85,218.0,17,0.9960620801482538
EICHERMOT,2018-07-24,2018-09-25,2768.0,2578.0,41,-6.864161849710983
COLPAL,2018-07-26,2018-09-11,1084.1,1096.0,31,1.0976847154321643
CHOLAFIN,2018-07-26,2018-07-30,308.81,287.61,2,-6.865062659887953
ABBOTINDIA,2018-07-26,2018-09-26,7600.0,7900.0,40,3.9473684210526314
POWERGRID,2018-07-26,2018-10-08,102.69,105.48,47,2.7169149868536433
SBILIFE,2018-07-26,2018-08-17,670.0,655.0,15,-2.2388059701492535
CONCOR,2018-07-27,2018-08-20,521.6,503.2,15,-3.527607361963197
PIIND,2018-07-27,2018-08-24,810.0,768.8,18,-5.0864197530864255
GLENMARK,2018-07-30,2018-09-28,579.65,630.0,40,8.686276201155874
PERSISTENT,2018-07-30,2018-09-05,819.9,803.95,25,-1.9453591901451313
COALINDIA,2018-08-01,2018-09-17,270.5,274.9,30,1.626617375231045
OFSS,2018-08-03,2018-10-08,3977.5,3874.0,41,-2.602137020741672
IEX,2018-08-06,2018-09-28,53.43,53.67,35,0.44918585064570843
TATACHEM,2018-08-07,2018-09-24,668.2,706.0,30,5.656988925471409
BPCL,2018-08-08,2018-08-23,388.95,358.4,9,-7.854480010284101
TATAMOTORS,2018-08-10,2018-09-24,250.0,241.2,27,-3.5200000000000045
APOLLOHOSP,2018-08-10,2018-09-19,939.95,1067.1,25,13.52731528272779
IOC,2018-08-13,2018-08-20,107.13,105.77,4,-1.2694856716139264
HINDPETRO,2018-08-13,2018-08-20,272.5,270.2,4,-0.8440366972477106
ZEEL,2018-08-16,2018-08-29,500.65,505.6,8,0.988714670927803
GODREJCP,2018-08-16,2018-09-11,890.0,832.67,17,-6.44157303370787
LT,2018-08-20,2018-09-24,1323.9,1319.3,22,-0.34745826724073847
LICHSGFIN,2018-08-21,2018-08-28,563.6,519.3,4,-7.860184528034078
CONCOR,2018-08-21,2018-10-22,508.8,460.2,39,-9.551886792452835
UPL,2018-08-21,2018-10-05,433.3,397.7,29,-8.216016616662824
BHARATFORG,2018-08-23,2018-09-24,652.2,608.0,20,-6.777062250843306
INDUSTOWER,2018-08-24,2018-09-11,285.0,269.6,12,-5.4035087719298165
TRENT,2018-08-27,2018-09-18,371.9,354.3,15,-4.732454961011015
COROMANDEL,2018-08-28,2018-08-30,424.0,420.2,2,-0.8962264150943424
AMBUJACEM,2018-08-28,2018-09-11,237.0,220.3,10,-7.0464135021097
SBILIFE,2018-08-30,2018-09-18,662.0,620.5,12,-6.268882175226587
BSOFT,2018-09-03,2018-09-24,301.0,274.1,13,-8.936877076411953
TITAN,2018-09-03,2018-09-05,911.45,865.35,2,-5.057874814855452
TATACONSUM,2018-09-03,2018-09-06,237.0,220.95,3,-6.772151898734181
CHOLAFIN,2018-09-03,2018-09-11,300.32,264.6,6,-11.893979754928068
JUBLFOOD,2018-09-04,2018-09-06,288.2,281.55,2,-2.307425399028445
RAMCOCEM,2018-09-05,2018-09-11,650.0,640.0,4,-1.5384615384615385
GODREJPROP,2018-09-05,2018-09-07,676.2,682.2,2,0.8873114463176575
KOTAKBANK,2018-09-05,2018-09-18,1237.0,1213.0,8,-1.9401778496362168
BHARTIARTL,2018-09-05,2018-10-01,343.35,297.86,16,-13.248871414009031
TATASTEEL,2018-09-07,2018-10-05,61.6,56.5,17,-8.279220779220783
HEROMOTOCO,2018-09-07,2018-09-28,3339.0,2913.25,13,-12.750823599880205
ADANIPORTS,2018-09-10,2018-09-24,372.3,346.8,8,-6.8493150684931505
PVRINOX,2018-09-12,2018-09-25,1401.95,1268.9,7,-9.49035272299297
ITC,2018-09-12,2018-09-24,306.1,298.95,6,-2.3358379614505176
ASHOKLEY,2018-09-14,2018-09-24,131.0,120.25,5,-8.206106870229007
IDFC,2018-09-14,2018-09-19,51.05,47.9,3,-6.170421155729675
IOC,2018-09-17,2018-10-04,104.33,86.33,11,-17.2529473785105
LAURUSLABS,2018-09-17,2018-10-05,87.6,81.4,12,-7.0776255707762425
JKCEMENT,2018-09-21,2018-10-01,802.0,750.0,6,-6.483790523690773
GRASIM,2018-09-21,2018-10-05,1046.39,918.6,9,-12.212463804126575
COALINDIA,2018-09-28,2018-11-02,267.1,261.75,23,-2.002995132909031
RAMCOCEM,2018-10-04,2018-10-11,647.0,577.35,5,-10.765069551777431
HDFCBANK,2018-10-04,2018-11-12,972.5,960.42,25,-1.2421593830334232
INFY,2018-10-10,2018-10-23,700.35,663.0,8,-5.333047761833372
NTPC,2018-10-19,2018-10-25,135.75,133.04,4,-1.996316758747704
NESTLEIND,2018-10-23,2019-02-12,939.37,1078.0,77,14.757763181706887
AUROPHARMA,2018-10-25,2018-12-12,723.35,740.85,32,2.4192990944909103
LT,2018-10-31,2019-01-09,1295.0,1383.0,47,6.795366795366796
POWERGRID,2018-10-31,2018-11-30,104.89,101.62,20,-3.117551720850411
PETRONET,2018-10-31,2018-11-30,226.9,211.0,20,-7.007492287351258
HDFCLIFE,2018-11-01,2019-01-24,371.9,361.8,57,-2.715783812852908
TRENT,2018-11-02,2018-11-06,325.65,324.95,2,-0.21495470597266658
INDUSTOWER,2018-11-09,2018-11-15,265.4,254.8,4,-3.9939713639788867
ALKEM,2018-11-12,2018-12-24,1960.0,1852.0,29,-5.510204081632653
MGL,2018-11-12,2019-02-18,858.5,862.95,68,0.5183459522422883
CHAMBLFERT,2018-11-14,2018-12-21,141.5,145.5,26,2.8268551236749118
TRENT,2018-11-15,2019-02-11,332.0,344.0,60,3.614457831325301
SBILIFE,2018-11-19,2019-01-29,567.0,608.8,49,7.372134038800697
TATACHEM,2018-11-20,2018-12-10,688.7,655.6,13,-4.806156526789607
PERSISTENT,2018-11-22,2019-01-04,556.0,578.8,29,4.100719424460424
CUB,2018-11-26,2019-02-15,174.0,180.15,58,3.534482758620693
TCS,2018-11-26,2018-12-24,1846.0,1922.0,20,4.117009750812568
LUPIN,2018-11-28,2019-01-03,866.8,821.1,25,-5.272265805260721
OFSS,2018-11-28,2019-02-18,3434.4,3521.0,57,2.521546703936638
TATACONSUM,2018-11-29,2018-12-06,218.4,207.0,5,-5.219780219780222
BAJAJ-AUTO,2018-11-29,2019-01-02,2712.1,2685.0,23,-0.9992256922679809
ZYDUSLIFE,2018-11-29,2018-12-26,357.15,338.85,18,-5.123897522049547
TVSMOTOR,2018-11-29,2019-01-02,550.85,535.0,23,-2.8773713352092263
HAVELLS,2018-11-29,2019-02-21,692.5,697.4,59,0.7075812274368198
KOTAKBANK,2018-11-29,2019-01-15,1207.5,1216.0,32,0.7039337474120083
M&M,2018-11-29,2018-12-10,775.6,710.0,7,-8.457968024755031
TATAPOWER,2018-11-29,2018-12-21,75.0,76.2,16,1.6000000000000039
CONCOR,2018-11-30,2018-12-06,540.0,530.4,4,-1.777777777777782
ICICIGI,2018-11-30,2019-01-08,831.05,863.1,26,3.856566993562369
ICICIBANK,2018-11-30,2018-12-06,355.25,348.0,4,-2.0408163265306123
MCX,2018-11-30,2019-01-28,731.25,709.8,40,-2.9333333333333393
ATUL,2018-11-30,2018-12-11,3421.5,3265.0,7,-4.574017243898875
RAMCOCEM,2018-11-30,2018-12-06,605.0,586.0,4,-3.1404958677685952
ACC,2018-12-03,2019-01-18,1514.9,1439.0,33,-5.010231698461951
POWERGRID,2018-12-03,2018-12-10,103.34,100.74,5,-2.515966711825052
MUTHOOTFIN,2018-12-04,2018-12-06,447.75,445.0,2,-0.6141820212171971
BOSCHLTD,2018-12-04,2019-01-08,18510.0,19302.9,24,4.283630470016216
BHEL,2018-12-05,2018-12-10,66.4,63.1,3,-4.969879518072295
CHOLAFIN,2018-12-05,2019-01-09,255.25,239.81,24,-6.048971596474044
HCLTECH,2018-12-05,2018-12-10,523.03,469.4,3,-10.253713936103091
TECHM,2018-12-05,2018-12-10,728.0,688.0,3,-5.4945054945054945
PETRONET,2018-12-06,2019-04-22,211.45,236.1,92,11.6576022700402
BIOCON,2018-12-07,2019-02-18,305.0,303.73,50,-0.41639344262294486
BAJAJFINSV,2018-12-07,2019-01-18,584.7,623.6,29,6.6529844364631385
CIPLA,2018-12-07,2018-12-24,513.65,517.7,11,0.7884746422661478
AXISBANK,2018-12-10,2019-02-25,590.55,704.5,54,19.29557192447719
SRF,2018-12-10,2018-12-24,410.25,392.61,10,-4.299817184643507
TECHM,2018-12-11,2018-12-26,696.0,695.5,10,-0.07183908045977011
SBIN,2018-12-11,2019-01-28,281.75,282.3,33,0.19520851818988869
TITAN,2018-12-11,2019-02-27,931.6,1017.65,55,9.236796908544434
ASIANPAINT,2018-12-11,2019-02-21,1322.85,1397.0,51,5.60532184299052
VOLTAS,2018-12-11,2019-01-04,552.9,536.5,17,-2.9661783324290067
ULTRACEMCO,2018-12-11,2019-01-09,3873.7,3810.1,20,-1.6418411337997243
MRF,2018-12-11,2019-01-09,66290.0,66000.65,20,-0.43649117513954716
MARICO,2018-12-11,2019-01-25,359.0,370.0,32,3.064066852367688
UPL,2018-12-12,2019-06-10,523.67,678.67,120,29.598793133079997
RBLBANK,2018-12-12,2019-01-29,575.0,552.05,33,-3.9913043478260946
MARUTI,2018-12-13,2019-01-03,7666.5,7191.05,14,-6.201656557751253
LTTS,2018-12-13,2019-02-08,1598.0,1555.0,40,-2.690863579474343
DELTACORP,2018-12-13,2019-01-24,245.9,235.7,29,-4.148027653517697
JKCEMENT,2018-12-14,2019-01-08,735.0,702.0,16,-4.489795918367347
SHREECEM,2018-12-14,2019-01-09,16734.0,16350.0,17,-2.2947292936536394
POWERGRID,2018-12-14,2019-01-21,104.44,107.71,25,3.1309842972041326
PIDILITIND,2018-12-17,2019-01-07,1188.3,1102.0,14,-7.26247580577295
ICICIPRULI,2018-12-17,2019-01-29,321.9,295.0,30,-8.356632494563522
DIXON,2018-12-17,2019-04-02,400.0,475.01,73,18.752499999999998
CONCOR,2018-12-17,2018-12-21,524.0,524.0,4,0.0
CUMMINSIND,2018-12-17,2019-01-29,829.9,786.9,30,-5.181347150259068
BAJFINANCE,2018-12-18,2019-01-10,2532.0,2515.0,16,-0.6714060031595577
TATACOMM,2018-12-19,2019-01-25,548.25,492.2,26,-10.223438212494303
INDUSTOWER,2018-12-19,2019-01-24,262.4,262.45,25,0.019054878048784824
ADANIPORTS,2018-12-21,2019-01-28,361.25,326.6,25,-9.591695501730097
ASTRAL,2018-12-26,2019-01-22,484.2,470.05,19,-2.9223461379595164
LAURUSLABS,2018-12-26,2019-01-09,76.2,74.03,10,-2.8477690288713933
HINDUNILVR,2018-12-26,2019-01-02,1790.0,1781.0,5,-0.5027932960893855
GAIL,2018-12-27,2019-01-14,118.57,108.4,12,-8.577211773635817
CONCOR,2018-12-27,2019-01-28,531.04,513.84,22,-3.2389273877673874
MPHASIS,2018-12-28,2019-01-09,1009.0,900.1,8,-10.79286422200198
HINDALCO,2019-01-02,2019-01-07,214.5,208.5,3,-2.797202797202797
JSWSTEEL,2019-01-02,2019-01-18,287.5,285.2,12,-0.800000000000004
TECHM,2019-01-03,2019-01-07,693.0,687.55,2,-0.7864357864357929
PVRINOX,2019-01-04,2019-02-01,1573.0,1567.0,20,-0.3814367450731087
LALPATHLAB,2019-01-04,2019-02-26,935.45,1016.0,37,8.610829012774596
BAJAJ-AUTO,2019-01-07,2019-01-09,2652.25,2693.0,2,1.5364313318880196
AUROPHARMA,2019-01-08,2019-02-19,748.0,706.8,30,-5.508021390374338
ABBOTINDIA,2019-01-08,2019-02-11,7711.0,7750.0,24,0.5057709765270393
INDUSINDBK,2019-01-09,2019-01-18,1599.7,1515.1,7,-5.288491592173541
COFORGE,2019-01-09,2019-04-30,1162.3,1291.0,74,11.072872752301475
DIVISLAB,2019-01-10,2019-05-09,1523.7,1615.0,79,5.991993174509415
MFSL,2019-01-10,2019-01-28,458.25,397.9,12,-13.169667212220409
PIIND,2019-01-11,2019-07-09,834.9,1156.5,120,38.519583183614806
GLENMARK,2019-01-11,2019-01-18,650.9,639.85,5,-1.6976494085112852
ALKEM,2019-01-14,2019-01-18,1931.0,1890.0,4,-2.1232522009321597
WIPRO,2019-01-14,2019-03-13,234.38,257.6,41,9.906988650908792
FEDERALBNK,2019-01-14,2019-01-24,90.5,88.75,8,-1.9337016574585635
APOLLOHOSP,2019-01-14,2019-02-11,1321.7,1124.1,20,-14.950442611787858
LAURUSLABS,2019-01-14,2019-01-28,75.6,72.6,10,-3.968253968253969
BRITANNIA,2019-01-15,2019-02-12,3186.0,3015.95,20,-5.337413684871318
TECHM,2019-01-15,2019-03-14,706.0,790.2,41,11.926345609065162
IEX,2019-01-15,2019-02-27,55.0,50.67,31,-7.87272727272727
GRANULES,2019-01-16,2019-02-13,90.55,85.6,20,-5.466593042517949
TATAPOWER,2019-01-16,2019-01-28,76.25,70.0,8,-8.19672131147541
SYNGENE,2019-01-17,2019-03-15,280.5,290.0,40,3.3868092691622103
OBEROIRLTY,2019-01-18,2019-05-08,449.0,491.45,72,9.454342984409797
LICHSGFIN,2019-01-18,2019-01-28,476.0,444.95,6,-6.523109243697481
LTIM,2019-01-18,2019-02-25,1798.0,1700.0,26,-5.450500556173527
ZYDUSLIFE,2019-01-18,2019-01-28,347.0,334.4,6,-3.631123919308364
JKCEMENT,2019-01-18,2019-02-05,739.8,694.85,12,-6.075966477426323
KOTAKBANK,2019-01-21,2019-02-25,1274.0,1238.6,25,-2.7786499215070712
BAJFINANCE,2019-01-21,2019-07-17,2588.0,3465.0,120,33.887171561051005
MOTHERSON,2019-01-21,2019-01-28,108.57,96.9,5,-10.748825642442652
BERGEPAINT,2019-01-21,2019-01-28,268.62,261.21,5,-2.758543667634586
MARUTI,2019-01-21,2019-01-25,7188.0,6469.7,4,-9.993043962159156
VOLTAS,2019-01-22,2019-02-13,538.05,504.0,16,-6.3284081405073795
GODREJCP,2019-01-22,2019-01-30,793.0,696.0,6,-12.23203026481715
ATUL,2019-01-22,2019-02-21,3478.0,3370.0,22,-3.105232892466935
TVSMOTOR,2019-01-22,2019-01-25,556.0,496.35,3,-10.728417266187046
ITC,2019-01-23,2019-01-29,276.0,278.3,4,0.8333333333333375
GRASIM,2019-01-23,2019-01-25,777.46,756.64,2,-2.6779512772361342
ABB,2019-01-24,2019-01-31,1258.0,1270.0,5,0.9538950715421303
PIDILITIND,2019-01-24,2019-04-25,1101.0,1214.9,61,10.345140781108093
SRF,2019-01-25,2019-07-09,414.4,556.6,110,34.314671814671826
HCLTECH,2019-01-25,2019-03-08,487.5,504.0,29,3.3846153846153846
JUBLFOOD,2019-01-25,2019-04-12,238.17,270.89,53,13.738086240920353
COLPAL,2019-01-25,2019-01-30,1286.0,1272.2,3,-1.0730948678071504
IGL,2019-01-25,2019-05-13,274.05,296.5,70,8.19193577814267
BATAINDIA,2019-01-28,2019-01-30,1105.05,1097.0,2,-0.7284738247138098
MANAPPURAM,2019-01-28,2019-02-04,95.9,91.9,5,-4.171011470281543
LUPIN,2019-01-28,2019-02-11,865.0,820.0,10,-5.202312138728324
CIPLA,2019-01-28,2019-03-18,491.9,535.0,34,8.761943484448063
BAJAJFINSV,2019-01-28,2019-02-04,605.0,600.7,5,-0.710743801652885
TATACONSUM,2019-01-28,2019-01-31,209.0,202.85,3,-2.942583732057419
BHARATFORG,2019-01-29,2019-04-03,486.05,503.0,44,3.487295545725746
RECLTD,2019-01-29,2019-05-07,92.25,104.48,64,13.257452574525749
DRREDDY,2019-01-29,2019-02-27,2660.0,2645.5,21,-0.5451127819548872
BERGEPAINT,2019-01-30,2019-02-04,265.83,256.67,3,-3.445811232742719
NMDC,2019-01-30,2019-04-03,96.1,104.55,43,8.792924037460983
IOC,2019-01-30,2019-02-14,89.43,83.27,11,-6.888068880688819
DABUR,2019-01-31,2019-02-20,447.5,425.0,14,-5.027932960893855
HDFCBANK,2019-01-31,2019-07-19,1036.5,1189.75,114,14.785335262904004
ALKEM,2019-01-31,2019-02-13,1882.0,1800.0,9,-4.357066950053135
BPCL,2019-01-31,2019-02-11,347.0,334.0,7,-3.7463976945244957
TORNTPHARM,2019-01-31,2019-02-05,912.5,914.95,3,0.26849315068493645
RBLBANK,2019-01-31,2019-02-22,565.2,562.0,16,-0.5661712668082175
HINDUNILVR,2019-02-01,2019-02-26,1799.0,1768.9,17,-1.6731517509727578
HINDALCO,2019-02-01,2019-02-15,209.95,186.2,10,-11.312217194570136
BOSCHLTD,2019-02-01,2019-02-13,19277.75,17910.0,8,-7.094966995629677
BATAINDIA,2019-02-04,2019-05-14,1193.5,1312.9,65,10.004189359028077
ONGC,2019-02-04,2019-06-10,146.45,165.2,83,12.803004438374874
SIEMENS,2019-02-05,2019-02-18,996.0,944.0,9,-5.220883534136546
UBL,2019-02-05,2019-02-08,1419.05,1379.75,3,-2.7694584405059692
TATASTEEL,2019-02-06,2019-05-10,48.5,48.7,61,0.41237113402062436
BAJAJFINSV,2019-02-06,2019-02-18,621.01,588.6,8,-5.218917569765377
PAGEIND,2019-02-13,2019-02-15,24370.05,21808.1,2,-10.512698989128051
COALINDIA,2019-02-13,2019-04-04,221.0,234.8,34,6.244343891402719
ITC,2019-02-13,2019-05-10,276.45,297.15,56,7.487791644058596
PFC,2019-02-14,2019-04-22,81.0,92.32,43,13.975308641975301
ABB,2019-02-14,2019-05-13,1260.05,1356.0,56,7.6147771913812985
INDUSINDBK,2019-02-14,2019-04-30,1518.15,1600.0,48,5.3914303593189015
ALKEM,2019-02-18,2019-02-21,1836.0,1797.0,3,-2.1241830065359477
BHARTIARTL,2019-02-19,2019-06-28,279.77,346.6,86,23.88747900060766
DELTACORP,2019-02-20,2019-04-23,229.8,245.6,40,6.8755439512619585
NTPC,2019-02-25,2019-05-08,116.5,130.75,46,12.231759656652361
HINDCOPPER,2019-02-25,2019-04-30,46.2,46.05,41,-0.324675324675337
TORNTPHARM,2019-02-25,2019-04-22,906.08,909.47,36,0.3741391488610262
INFY,2019-02-25,2019-03-13,755.0,709.0,11,-6.0927152317880795
BAJAJFINSV,2019-02-26,2019-07-08,645.9,758.19,87,17.385044124477485
INDHOTEL,2019-02-27,2019-05-10,136.8,146.45,46,7.054093567251445
ACC,2019-02-27,2019-05-09,1424.0,1588.7,45,11.56601123595506
ZYDUSLIFE,2019-02-27,2019-04-22,319.5,330.1,34,3.31768388106417
COLPAL,2019-02-27,2019-04-08,1260.0,1222.5,26,-2.976190476190476
MARUTI,2019-02-28,2019-03-25,6830.0,6515.0,15,-4.612005856515373
TITAN,2019-02-28,2019-07-09,1032.45,1099.0,86,6.445832727977137
CUB,2019-02-28,2019-05-15,184.0,196.2,48,6.630434782608689
AUBANK,2019-03-01,2019-07-18,285.05,334.25,92,17.260129801789155
HDFCLIFE,2019-03-01,2019-03-27,362.6,371.0,16,2.31660231660231
HDFCAMC,2019-03-01,2019-08-29,1410.0,2429.5,120,72.30496453900709
ICICIBANK,2019-03-05,2019-05-10,361.75,383.65,43,6.053904630269517
AXISBANK,2019-03-05,2019-05-10,733.85,732.55,43,-0.17714791851196676
COROMANDEL,2019-03-05,2019-04-10,461.0,428.0,25,-7.158351409978309
RELIANCE,2019-03-06,2019-05-13,1250.15,1218.35,43,-2.5436947566292187
BIOCON,2019-03-07,2019-05-02,305.6,277.5,35,-9.195026178010478
TATACHEM,2019-03-08,2019-04-26,575.65,579.6,32,0.686180839051515
BERGEPAINT,2019-03-11,2019-05-07,257.5,253.37,36,-1.6038834951456293
GODREJPROP,2019-03-12,2019-04-30,710.85,819.0,31,15.214180206794678
LUPIN,2019-03-13,2019-03-25,764.95,731.0,7,-4.438198575070271
MGL,2019-03-13,2019-04-22,928.0,993.8,25,7.090517241379306
MARICO,2019-03-13,2019-05-06,342.25,339.75,33,-0.7304601899196494
HCLTECH,2019-03-14,2019-03-18,503.0,508.48,2,1.0894632206759478
TCS,2019-03-15,2019-05-17,2036.0,2094.0,40,2.848722986247544
ALKEM,2019-03-15,2019-04-25,1730.0,1704.9,26,-1.4508670520231162
LALPATHLAB,2019-03-15,2019-04-11,1021.1,1020.0,18,-0.10772696112036262
KOTAKBANK,2019-03-15,2019-06-17,1328.0,1461.9,60,10.08283132530121
DABUR,2019-03-15,2019-03-25,426.45,420.0,5,-1.5124868097080522
NESTLEIND,2019-03-15,2019-05-08,1032.44,1029.5,33,-0.2847623106427545
UBL,2019-03-25,2019-05-08,1320.05,1352.55,28,2.4620279534866105
ABFRL,2019-03-27,2019-04-08,223.0,214.65,8,-3.744394618834078
LTTS,2019-03-28,2019-07-08,1541.0,1636.0,67,6.164828033744322
BAJAJ-AUTO,2019-03-28,2019-04-01,2954.0,2915.0,2,-1.3202437373053486
SYNGENE,2019-03-28,2019-07-11,298.0,310.2,70,4.09395973154362
HCLTECH,2019-03-28,2019-05-16,542.5,537.5,31,-0.9216589861751152
SUNPHARMA,2019-03-28,2019-04-22,475.2,453.5,15,-4.566498316498315
EXIDEIND,2019-03-28,2019-04-02,221.0,215.5,3,-2.48868778280543
HINDALCO,2019-03-28,2019-04-23,203.0,200.0,16,-1.477832512315271
TATACONSUM,2019-03-29,2019-05-07,204.2,200.4,23,-1.8609206660137039
GAIL,2019-03-29,2019-05-08,116.67,112.5,24,-3.574183594754437
MRF,2019-03-29,2019-04-23,57900.0,56466.1,15,-2.4765112262521614
BRITANNIA,2019-03-29,2019-04-02,3083.85,2996.0,2,-2.8487118374758795
M&M,2019-04-01,2019-05-03,661.9,645.0,20,-2.5532557788185493
ULTRACEMCO,2019-04-01,2019-06-14,4030.0,4489.15,49,11.39330024813895
TATACOMM,2019-04-02,2019-04-10,603.0,586.0,6,-2.8192371475953566
IEX,2019-04-02,2019-04-22,53.8,52.52,12,-2.379182156133818
SBILIFE,2019-04-03,2019-09-11,600.55,798.3,106,32.92814919656981
OFSS,2019-04-03,2019-05-02,3507.95,3431.0,17,-2.193588848187683
VOLTAS,2019-04-04,2019-05-08,606.0,575.0,20,-5.115511551155116
CUMMINSIND,2019-04-04,2019-04-08,718.7,710.1,2,-1.1966049812160877
CIPLA,2019-04-05,2019-06-17,532.1,545.2,46,2.4619432437511786
TATAPOWER,2019-04-08,2019-04-23,71.8,68.2,9,-5.013927576601664
NAUKRI,2019-04-08,2019-05-16,1856.35,1890.0,24,1.812696959086384
ASIANPAINT,2019-04-09,2019-05-09,1449.65,1350.0,18,-6.874073052116033
WIPRO,2019-04-09,2019-05-21,274.75,287.3,26,4.567788898999094
CUMMINSIND,2019-04-09,2019-05-07,741.65,702.0,16,-5.346187554776509
SHRIRAMFIN,2019-04-10,2019-04-22,1196.0,1165.05,6,-2.5877926421404718
MPHASIS,2019-04-10,2019-05-07,995.0,963.0,15,-3.2160804020100504
DRREDDY,2019-04-10,2019-05-17,2761.05,2724.75,23,-1.3147172271418548
MUTHOOTFIN,2019-04-11,2019-04-24,610.0,587.0,7,-3.7704918032786887
COALINDIA,2019-04-15,2019-05-09,250.8,242.5,14,-3.309409888357261
INFY,2019-04-15,2019-05-02,728.2,730.75,9,0.3501785223839542
ABBOTINDIA,2019-04-15,2019-05-09,7860.0,7295.0,14,-7.188295165394402
LALPATHLAB,2019-04-15,2019-05-09,1064.0,979.9,14,-7.904135338345866
ABFRL,2019-04-18,2019-04-23,220.55,213.0,2,-3.4232600317388395
JSWSTEEL,2019-04-18,2019-05-15,299.3,267.0,16,-10.791847644503846
BHARATFORG,2019-04-22,2019-04-26,480.4,475.8,4,-0.9575353871773452
M&MFIN,2019-04-23,2019-05-08,259.12,230.5,9,-11.045075640629825
SUNPHARMA,2019-04-23,2019-05-06,468.0,452.55,7,-3.3012820512820484
ABFRL,2019-04-24,2019-05-08,216.0,207.0,8,-4.166666666666666
GRASIM,2019-04-24,2019-05-15,881.45,811.77,13,-7.905156276589717
HEROMOTOCO,2019-04-24,2019-05-09,2614.0,2540.0,9,-2.8309104820198927
PETRONET,2019-04-24,2019-05-16,236.0,224.4,14,-4.915254237288133
AUROPHARMA,2019-04-25,2019-05-13,800.0,717.45,10,-10.318749999999994
MUTHOOTFIN,2019-04-26,2019-05-07,590.25,568.8,5,-3.6340533672172888
PVRINOX,2019-04-30,2019-06-20,1770.5,1645.8,35,-7.043208133295682
BAJAJ-AUTO,2019-04-30,2019-05-15,2988.7,2912.0,10,-2.566333188342752
EXIDEIND,2019-04-30,2019-05-08,214.0,207.6,5,-2.990654205607479
TRENT,2019-04-30,2019-07-22,355.0,420.15,57,18.352112676056333
GLENMARK,2019-04-30,2019-05-08,634.0,597.2,5,-5.804416403785482
MCDOWELL-N,2019-04-30,2019-05-07,561.4,522.05,4,-7.009262557890991
PERSISTENT,2019-04-30,2019-05-15,635.0,607.1,10,-4.393700787401571
LAURUSLABS,2019-05-02,2019-05-22,80.52,75.2,14,-6.607054148037747
EICHERMOT,2019-05-02,2019-05-08,2057.1,2035.0,4,-1.0743279373875803
RBLBANK,2019-05-02,2019-06-17,662.2,621.0,31,-6.221685291452739
FEDERALBNK,2019-05-03,2019-06-20,97.9,103.8,33,6.026557711950961
ABCAPITAL,2019-05-03,2019-05-09,102.05,97.0,4,-4.94855463008329
LTIM,2019-05-03,2019-06-19,1678.1,1733.0,32,3.2715571181693637
MARICO,2019-05-07,2019-07-22,359.15,361.4,53,0.626479186969233
ASTRAL,2019-05-07,2019-05-10,529.7,519.75,3,-1.8784217481593437
RAMCOCEM,2019-05-07,2019-05-10,754.5,744.5,3,-1.325381047051027
AARTIIND,2019-05-09,2019-05-13,396.25,384.75,2,-2.902208201892744
OFSS,2019-05-10,2019-06-06,3371.0,3331.0,18,-1.1865915158706615
SBIN,2019-05-10,2019-06-17,307.0,338.1,25,10.130293159609128
LT,2019-05-13,2019-06-17,1318.2,1501.0,24,13.867394932483688
MCDOWELL-N,2019-05-13,2019-10-15,527.95,619.0,104,17.245951321147825
ITC,2019-05-13,2019-05-16,288.95,295.5,3,2.2668281709638385
GAIL,2019-05-14,2019-06-10,114.92,102.53,18,-10.781413156978768
TECHM,2019-05-14,2019-05-20,792.3,778.9,4,-1.6912785561024837
SHREECEM,2019-05-17,2019-06-17,19500.05,19960.0,20,2.35871190073872
BAJAJ-AUTO,2019-05-17,2019-06-14,3046.9,2870.75,19,-5.78128589714136
GODREJCP,2019-05-17,2019-06-24,673.0,672.5,25,-0.07429420505200594
HINDUNILVR,2019-05-17,2019-06-24,1734.0,1769.85,25,2.0674740484429015
AXISBANK,2019-05-17,2019-06-17,751.85,780.1,20,3.757398417237481
PETRONET,2019-05-17,2019-06-17,236.85,227.9,20,-3.778762930124547
GUJGASLTD,2019-05-20,2019-06-24,167.0,167.85,24,0.5089820359281403
ICICIBANK,2019-05-20,2019-06-17,408.25,414.8,19,1.6044090630740995
METROPOLIS,2019-05-20,2019-06-17,962.1,935.0,19,-2.816755015071201
HAVELLS,2019-05-20,2019-07-09,758.5,739.4,35,-2.5181278839815455
MPHASIS,2019-05-20,2019-07-17,950.0,917.0,41,-3.4736842105263155
NAVINFLUOR,2019-05-20,2019-07-01,683.0,706.0,29,3.3674963396778916
CUB,2019-05-20,2019-07-05,204.25,206.1,33,0.9057527539779654
AARTIIND,2019-05-20,2019-06-17,405.5,426.5,19,5.178791615289765
ACC,2019-05-21,2019-06-14,1620.6,1542.0,17,-4.850055534987036
COFORGE,2019-05-21,2019-07-29,1290.0,1203.8,48,-6.682170542635663
ITC,2019-05-22,2019-06-03,300.35,278.7,8,-7.208257033460972
IGL,2019-05-23,2019-06-24,304.95,309.3,21,1.4264633546483105
POWERGRID,2019-05-23,2019-08-23,104.04,113.88,63,9.457900807381765
IPCALAB,2019-05-23,2019-07-22,457.8,457.05,41,-0.163826998689384
ABBOTINDIA,2019-05-24,2019-07-29,7910.0,8412.0,45,6.346396965865993
EXIDEIND,2019-05-24,2019-06-14,220.2,205.85,14,-6.516802906448681
NESTLEIND,2019-05-27,2019-07-22,1100.87,1132.69,39,2.8904411965082315
INFY,2019-05-28,2019-06-28,726.35,731.7,22,0.736559509878161
INDUSTOWER,2019-05-28,2019-07-10,268.2,260.0,30,-3.0574198359433216
TATACOMM,2019-05-28,2019-06-07,551.4,526.2,7,-4.5701849836778985
NATIONALUM,2019-05-31,2019-06-17,50.5,48.4,10,-4.158415841584161
BOSCHLTD,2019-05-31,2019-06-21,17750.0,16646.95,14,-6.214366197183095
BATAINDIA,2019-06-03,2019-07-11,1370.0,1344.0,27,-1.897810218978102
COLPAL,2019-06-04,2019-07-01,1159.2,1128.6,18,-2.6397515527950426
BIOCON,2019-06-04,2019-06-14,270.52,247.0,7,-8.694366405441366
MRF,2019-06-06,2019-06-14,55700.0,54699.95,6,-1.7954219030520697
ALKEM,2019-06-07,2019-06-27,1833.0,1680.0,14,-8.346972176759412
PERSISTENT,2019-06-07,2019-07-08,611.1,615.0,21,0.6381934216985726
MGL,2019-06-10,2019-06-21,889.2,845.05,9,-4.965137201979317
MCX,2019-06-11,2019-06-14,819.9,793.1,3,-3.2686913038175334
UPL,2019-06-13,2019-06-20,668.9,580.17,5,-13.265062042158771
DABUR,2019-06-18,2019-06-24,387.4,391.5,4,1.0583376355188494
LICHSGFIN,2019-06-18,2019-07-19,540.0,522.6,23,-3.222222222222218
MUTHOOTFIN,2019-06-19,2019-09-06,610.0,586.85,54,-3.795081967213111
HINDALCO,2019-06-19,2019-07-16,190.0,199.0,19,4.736842105263158
TATACHEM,2019-06-19,2019-07-17,609.05,610.0,20,0.15598062556441106
MCX,2019-06-20,2019-12-17,821.0,1145.7,120,39.54933008526188
LT,2019-06-20,2019-07-12,1557.15,1468.0,16,-5.72520309539865
WIPRO,2019-06-20,2019-06-25,286.75,285.2,3,-0.5405405405405445
ICICIBANK,2019-06-20,2019-07-16,433.0,424.75,18,-1.905311778290993
INDHOTEL,2019-06-24,2019-07-12,154.35,147.5,14,-4.437965662455455
LUPIN,2019-06-24,2019-08-29,732.05,734.65,46,0.3551669967898399
AXISBANK,2019-06-25,2019-07-17,780.1,754.0,16,-3.3457249070632002
MRF,2019-06-25,2019-07-19,55370.0,53800.0,18,-2.8354704713743906
COROMANDEL,2019-06-25,2019-07-16,414.95,376.75,15,-9.205928425111457
NTPC,2019-06-25,2019-07-12,138.25,127.35,13,-7.884267631103079
TORNTPHARM,2019-06-25,2019-10-03,775.0,800.0,67,3.225806451612903
ABB,2019-06-26,2019-07-18,1606.0,1448.5,16,-9.806973848069738
CONCOR,2019-06-26,2019-07-18,568.0,536.15,16,-5.6073943661971875
TATASTEEL,2019-06-26,2019-07-10,51.2,45.42,10,-11.289062500000002
HDFCLIFE,2019-06-27,2019-11-11,455.6,570.5,90,25.219490781387176
SIEMENS,2019-06-27,2019-07-18,1293.8,1207.0,15,-6.7089194620497725
FEDERALBNK,2019-06-27,2019-07-18,108.2,99.0,15,-8.502772643253238
RAMCOCEM,2019-06-28,2019-07-08,787.0,762.0,6,-3.176620076238882
LTIM,2019-06-28,2019-07-04,1843.0,1656.9,4,-10.097666847531194
ONGC,2019-07-01,2019-07-08,161.25,152.5,5,-5.426356589147287
EICHERMOT,2019-07-01,2019-07-19,1974.99,1769.9,14,-10.384356376487979
UBL,2019-07-03,2019-08-16,1389.0,1340.0,30,-3.5277177825773935
METROPOLIS,2019-07-03,2019-12-10,973.05,1285.05,106,32.06412825651302
JKCEMENT,2019-07-03,2019-07-12,990.05,975.5,7,-1.4696227463259386
INDIGO,2019-07-04,2019-07-10,1639.0,1392.0,4,-15.070164734594266
BHARTIARTL,2019-07-04,2019-07-24,362.1,339.1,14,-6.351836509251588
COLPAL,2019-07-05,2019-11-28,1179.8,1479.7,96,25.419562637735215
AARTIIND,2019-07-05,2019-07-11,443.25,404.0,4,-8.855047941342358
ITC,2019-07-05,2019-07-25,280.35,268.5,14,-4.226859283039066
ACC,2019-07-05,2019-08-05,1547.6,1512.0,21,-2.30033600413543
BOSCHLTD,2019-07-05,2019-07-10,16464.9,15880.0,3,-3.5524054200147064
CUMMINSIND,2019-07-05,2019-07-22,734.55,722.2,11,-1.6813014770948078
GRASIM,2019-07-05,2019-07-24,919.34,872.48,13,-5.097134901124721
ULTRACEMCO,2019-07-05,2019-07-31,4525.05,4330.0,18,-4.310449608291625
EXIDEIND,2019-07-05,2019-07-19,203.5,189.0,10,-7.125307125307126
TCS,2019-07-05,2019-07-09,2166.85,2121.4,2,-2.097514825668589
PAGEIND,2019-07-05,2019-07-24,20325.0,18620.0,13,-8.38868388683887
NATIONALUM,2019-07-05,2019-07-16,48.6,47.1,7,-3.0864197530864197
BEL,2019-07-05,2019-07-12,36.05,35.0,5,-2.9126213592232935
GODREJCP,2019-07-08,2019-07-10,653.0,636.8,2,-2.4808575803981694
ALKEM,2019-07-08,2019-12-24,1778.0,1993.0,113,12.092238470191226
APOLLOHOSP,2019-07-09,2019-08-02,1327.7,1313.5,18,-1.0695187165775435
ASTRAL,2019-07-09,2019-07-22,577.08,553.52,9,-4.082622859915446
RAMCOCEM,2019-07-09,2019-07-22,777.2,762.0,9,-1.9557385486361354
PVRINOX,2019-07-10,2019-07-31,1694.95,1514.0,15,-10.67583114546152
INDUSTOWER,2019-07-11,2019-07-17,265.0,263.5,4,-0.5660377358490566
CIPLA,2019-07-12,2019-07-22,555.8,530.85,6,-4.489024829075195
AUROPHARMA,2019-07-15,2019-07-19,576.0,551.45,4,-4.26215277777777
AMBUJACEM,2019-07-15,2019-07-31,219.7,201.15,12,-8.443331816112874
INFY,2019-07-15,2019-09-23,779.55,763.0,46,-2.123019690847278
DRREDDY,2019-07-16,2019-08-05,2676.5,2505.5,14,-6.3889407808705405
PETRONET,2019-07-16,2019-07-24,249.5,233.9,6,-6.2525050100200374
JUBLFOOD,2019-07-16,2019-07-24,252.49,229.21,6,-9.220167135332092
CHOLAFIN,2019-07-17,2019-07-19,275.5,265.5,2,-3.6297640653357535
KOTAKBANK,2019-07-17,2019-09-03,1532.65,1411.9,31,-7.878511075588033
SBIN,2019-07-18,2019-07-24,364.1,340.1,4,-6.591595715462785
CROMPTON,2019-07-18,2019-07-22,232.25,225.1,2,-3.0785791173304653
JKCEMENT,2019-07-19,2019-10-16,988.0,1055.0,57,6.781376518218623
HINDALCO,2019-07-19,2019-08-01,196.1,182.6,9,-6.884242733299336
PIDILITIND,2019-07-19,2019-09-17,1197.0,1318.0,38,10.10860484544695
BRITANNIA,2019-07-19,2019-07-24,2758.75,2636.0,3,-4.449478930675125
SHREECEM,2019-07-19,2019-07-24,21220.9,20611.5,3,-2.87169724187005
IOC,2019-07-19,2019-07-29,97.5,92.67,6,-4.953846153846152
INDUSTOWER,2019-07-22,2019-07-31,262.4,244.25,7,-6.916920731707308
RELIANCE,2019-07-22,2019-07-29,1266.1,1200.03,5,-5.218387173209062
ASIANPAINT,2019-07-22,2019-09-06,1401.0,1530.6,31,9.250535331905775
NESTLEIND,2019-07-23,2019-11-11,1148.6,1412.8,72,23.001915375239427
IPCALAB,2019-07-23,2019-10-07,470.0,437.98,49,-6.812765957446805
BERGEPAINT,2019-07-23,2019-11-21,262.5,401.08,79,52.792380952380945
HINDUNILVR,2019-07-24,2019-11-14,1730.4,2069.0,73,19.5677300046232
CROMPTON,2019-07-24,2019-12-24,229.7,245.6,101,6.922072268175884
CUMMINSIND,2019-07-25,2019-08-01,764.0,693.25,5,-9.260471204188482
CIPLA,2019-07-25,2019-07-31,537.0,517.55,4,-3.621973929236508
SHREECEM,2019-07-25,2019-07-31,21200.0,20150.0,4,-4.952830188679245
BALKRISIND,2019-07-29,2019-08-01,718.45,703.95,3,-2.018233697543322
ICICIBANK,2019-07-29,2019-08-05,428.3,403.0,5,-5.907074480504322
TATACHEM,2019-07-29,2019-08-01,578.35,565.85,3,-2.16132099939483
DIVISLAB,2019-07-31,2019-08-05,1630.0,1571.1,3,-3.6134969325153428
HCLTECH,2019-07-31,2019-09-19,517.0,523.12,32,1.1837524177949719
OFSS,2019-07-31,2019-08-13,3392.0,3072.0,8,-9.433962264150944
MARICO,2019-07-31,2019-09-18,366.85,380.0,31,3.5845713506882855
MGL,2019-08-01,2020-01-08,798.0,1033.6,105,29.523809523809515
TATACONSUM,2019-08-02,2019-09-19,265.35,254.3,30,-4.164311286979465
AARTIIND,2019-08-02,2019-08-21,417.5,367.75,11,-11.916167664670658
IEX,2019-08-05,2019-08-28,47.38,43.63,15,-7.914731954411143
GMRINFRA,2019-08-05,2020-01-31,14.75,22.75,120,54.23728813559322
DIVISLAB,2019-08-06,2019-08-16,1612.0,1499.1,6,-7.003722084367252
BPCL,2019-08-08,2019-08-22,344.1,313.7,8,-8.834641092705619
MRF,2019-08-09,2019-11-21,57200.0,62548.7,66,9.350874125874121
IGL,2019-08-09,2020-01-07,311.5,413.55,98,32.760834670947034
SUNPHARMA,2019-08-13,2019-09-23,438.75,407.0,26,-7.236467236467236
HAL,2019-08-14,2019-10-07,327.0,346.17,34,5.8623853211009225
PIIND,2019-08-16,2020-01-06,1124.45,1418.0,94,26.106096313753387
ACC,2019-08-20,2019-09-03,1541.0,1441.0,9,-6.489292667099286
ASTRAL,2019-08-20,2019-10-29,556.65,631.69,45,13.48064313302795
PETRONET,2019-08-22,2019-10-14,239.95,258.3,33,7.647426547197343
LT,2019-08-26,2019-10-15,1337.5,1433.7,32,7.192523364485985
GODREJPROP,2019-08-26,2019-08-28,895.0,889.4,2,-0.6256983240223489
HDFCBANK,2019-08-26,2019-12-05,1129.5,1244.9,67,10.21691013722887
POWERGRID,2019-08-27,2019-09-23,116.59,105.82,17,-9.237498927866893
HAVELLS,2019-08-29,2019-10-14,665.8,654.45,28,-1.7047161309702477
INDUSTOWER,2019-08-29,2019-10-25,257.4,217.3,36,-15.578865578865567
AXISBANK,2019-08-30,2019-09-17,665.5,639.5,10,-3.9068369646882046
HINDALCO,2019-08-30,2019-10-04,184.5,182.05,22,-1.3279132791327852
EXIDEIND,2019-09-05,2019-10-23,177.5,179.2,30,0.957746478873233
PAGEIND,2019-09-05,2019-10-15,17948.0,21100.05,25,17.562123913527966
WIPRO,2019-09-06,2019-09-23,251.8,239.75,10,-4.785544082605247
BAJAJ-AUTO,2019-09-06,2020-01-01,2838.7,3151.0,77,11.001514777891295
KOTAKBANK,2019-09-09,2019-11-05,1470.55,1556.45,37,5.84135187514876
MPHASIS,2019-09-09,2019-09-27,993.45,940.5,13,-5.329910916503099
MANAPPURAM,2019-09-09,2019-11-22,123.75,160.5,49,29.6969696969697
CUMMINSIND,2019-09-12,2019-10-15,568.0,569.15,21,0.20246478873239038
LTTS,2019-09-12,2019-09-30,1577.3,1515.05,12,-3.946617637735371
UBL,2019-09-12,2019-09-17,1268.0,1253.0,3,-1.1829652996845426
TITAN,2019-09-13,2019-11-06,1124.5,1154.35,35,2.6545131169408545
LTIM,2019-09-16,2019-09-20,1597.8,1529.3,4,-4.287144824133183
CIPLA,2019-09-17,2019-09-23,459.7,447.45,4,-2.664781379160322
ICICIBANK,2019-09-19,2020-01-07,386.35,524.15,73,35.66714119321857
LUPIN,2019-09-19,2019-09-26,742.0,728.95,5,-1.7587601078167054
MARICO,2019-09-20,2019-10-31,379.2,366.0,26,-3.4810126582278453
ABFRL,2019-09-20,2019-10-15,202.25,200.0,15,-1.1124845488257107
PIDILITIND,2019-09-20,2019-10-15,1418.0,1377.5,15,-2.8561354019746124
SRF,2019-09-20,2019-10-14,570.8,522.39,14,-8.481079187105811
AUROPHARMA,2019-09-20,2019-09-30,618.0,588.1,6,-4.838187702265369
DIVISLAB,2019-09-20,2019-11-14,1633.0,1656.55,35,1.4421310471524773
AUBANK,2019-09-20,2019-10-15,322.5,322.0,15,-0.15503875968992248
TATACHEM,2019-09-20,2019-12-18,590.5,642.05,59,8.729889923793388
ITC,2019-09-20,2019-10-25,237.2,247.7,22,4.4266441821247895
RELIANCE,2019-09-20,2020-01-29,1241.93,1467.14,88,18.13387227943604
IDFCFIRSTB,2019-09-20,2019-10-01,43.15,38.3,7,-11.239860950173815
TECHM,2019-09-24,2020-02-28,704.0,746.25,108,6.001420454545454
SBILIFE,2019-09-26,2019-11-19,814.75,936.95,34,14.998465787051249
UPL,2019-09-26,2019-11-08,582.8,556.0,28,-4.598490048043918
MFSL,2019-09-27,2020-01-23,435.0,518.2,79,19.126436781609204
COFORGE,2019-10-11,2019-12-02,1406.05,1458.5,34,3.730308310515277
SYNGENE,2019-10-11,2019-12-03,309.4,308.4,35,-0.32320620555914675
HCLTECH,2019-10-11,2019-11-21,539.2,567.75,27,5.294881305637973
WIPRO,2019-10-16,2019-11-21,248.9,247.4,24,-0.6026516673362796
TCS,2019-10-22,2019-11-20,2050.0,2108.0,20,2.829268292682927
DRREDDY,2019-10-23,2019-12-16,2818.95,2816.7,37,-0.07981695312084287
PVRINOX,2019-10-24,2019-11-07,1799.0,1756.2,10,-2.379099499722065
HINDALCO,2019-10-29,2020-01-22,184.0,203.5,59,10.597826086956522
TATACONSUM,2019-10-29,2020-01-07,287.95,314.3,48,9.150894252474396
UBL,2019-10-29,2019-11-05,1288.1,1214.5,5,-5.713842093005194
INDIACEM,2019-10-29,2019-11-20,83.05,77.95,15,-6.140878988561101
ABB,2019-10-29,2019-11-08,1469.0,1470.0,8,0.06807351940095302
ABFRL,2019-10-30,2020-03-12,211.1,225.0,93,6.584557081951685
ITC,2019-10-30,2019-11-21,259.2,245.65,15,-5.227623456790117
HINDPETRO,2019-10-31,2019-11-14,324.5,287.75,9,-11.325115562403699
BAJAJFINSV,2019-11-01,2020-02-01,839.48,895.0,64,6.613617953971504
HEROMOTOCO,2019-11-01,2019-11-13,2705.65,2594.0,7,-4.126549997228026
OFSS,2019-11-01,2019-11-21,3168.0,2963.0,13,-6.470959595959595
ASIANPAINT,2019-11-01,2019-11-19,1770.0,1723.0,11,-2.655367231638418
BATAINDIA,2019-11-01,2019-11-13,1741.0,1681.0,7,-3.4462952326249283
GODREJPROP,2019-11-05,2019-11-14,955.05,912.5,6,-4.455264122297257
CUB,2019-11-05,2020-02-05,206.0,230.7,65,11.990291262135917
INDHOTEL,2019-11-05,2019-12-03,151.3,148.75,19,-1.6853932584269735
HAVELLS,2019-11-07,2019-11-21,713.9,651.05,9,-8.803754027174678
TATAPOWER,2019-11-07,2019-11-13,58.8,55.2,3,-6.1224489795918275
VOLTAS,2019-11-08,2019-12-04,694.2,693.0,17,-0.17286084701815693
NTPC,2019-11-11,2019-11-20,118.0,117.05,6,-0.8050847457627143
SIEMENS,2019-11-13,2019-11-20,1632.0,1543.2,5,-5.441176470588233
BRITANNIA,2019-11-13,2019-11-19,3270.75,3123.9,4,-4.489795918367344
PIDILITIND,2019-11-14,2019-11-21,1334.95,1297.85,5,-2.779130304505797
BATAINDIA,2019-11-14,2019-11-21,1712.9,1638.0,5,-4.372701266857382
AMBUJACEM,2019-11-14,2019-12-20,200.65,194.25,26,-3.189633690505859
MPHASIS,2019-11-15,2019-11-21,907.0,887.5,4,-2.1499448732083795
DIVISLAB,2019-11-15,2020-03-12,1741.05,1925.5,82,10.594181671979555
BPCL,2019-11-18,2019-12-10,520.5,485.15,16,-6.791546589817488
AXISBANK,2019-11-19,2020-01-22,750.0,709.3,45,-5.426666666666673
OBEROIRLTY,2019-11-19,2019-12-26,514.25,522.0,26,1.5070491006319884
DABUR,2019-11-20,2019-12-02,470.0,453.95,8,-3.414893617021279
LUPIN,2019-11-20,2019-12-16,777.45,749.0,18,-3.65939931828414
SHREECEM,2019-11-20,2019-12-17,20366.7,20590.5,19,1.098852538702879
ESCORTS,2019-11-20,2019-12-06,669.4,601.7,12,-10.113534508515079
ICICIGI,2019-11-21,2020-01-14,1375.0,1370.0,37,-0.36363636363636365
BOSCHLTD,2019-11-21,2019-12-11,15849.95,14981.4,14,-5.479828012075755
JUBLFOOD,2019-11-21,2020-02-28,316.14,351.33,70,11.13114442968305
CONCOR,2019-11-21,2019-11-27,575.15,550.35,4,-4.311918629922621
GODREJCP,2019-11-21,2019-12-06,725.0,665.0,11,-8.275862068965518
NTPC,2019-11-22,2019-11-27,118.2,115.95,3,-1.9035532994923856
TORNTPHARM,2019-11-22,2020-03-12,855.28,997.1,77,16.581704237208875
EICHERMOT,2019-11-22,2019-12-13,2285.0,2202.8,15,-3.597374179431064
HCLTECH,2019-11-26,2019-12-09,554.75,551.25,9,-0.6309148264984227
BALKRISIND,2019-11-27,2020-03-09,886.0,1062.6,72,19.932279909706534
HAL,2019-11-27,2019-12-04,388.2,384.38,5,-0.9840288511076748
CUMMINSIND,2019-11-28,2019-12-03,545.0,532.5,3,-2.293577981651376
IDFC,2019-11-28,2019-12-18,35.05,32.3,14,-7.845934379457918
IEX,2019-11-28,2020-02-03,47.82,51.47,47,7.632789627770804
ADANIPORTS,2019-11-29,2020-01-28,381.0,373.75,41,-1.9028871391076114
CONCOR,2019-11-29,2020-01-07,578.7,556.3,26,-3.8707447727665616
RAMCOCEM,2019-11-29,2019-12-10,800.3,771.0,7,-3.6611270773459896
LTTS,2019-12-02,2020-03-09,1476.0,1522.0,69,3.116531165311653
COROMANDEL,2019-12-02,2020-03-12,477.0,563.7,71,18.17610062893083
LTIM,2019-12-02,2020-03-04,1640.0,1890.8,66,15.292682926829265
PETRONET,2019-12-02,2020-01-01,278.9,267.0,21,-4.266762280387228
AARTIIND,2019-12-03,2019-12-10,404.33,392.2,5,-3.0000247322731424
APOLLOHOSP,2019-12-04,2019-12-13,1477.6,1360.0,7,-7.9588521927449865
JKCEMENT,2019-12-04,2020-03-11,1182.0,1288.0,68,8.967851099830796
DALBHARAT,2019-12-05,2019-12-12,847.0,815.0,5,-3.778040141676505
SHRIRAMFIN,2019-12-05,2020-01-17,1108.2,1087.1,30,-1.9039884497383266
BERGEPAINT,2019-12-06,2020-02-25,417.08,475.0,56,13.887024072120461
PVRINOX,2019-12-06,2020-02-27,1755.2,1947.3,58,10.944621695533268
MARUTI,2019-12-09,2020-01-30,7011.95,7020.0,37,0.11480401314898397
ATUL,2019-12-09,2020-03-13,4130.0,4469.0,67,8.208232445520581
APOLLOTYRE,2019-12-09,2019-12-26,169.95,161.1,12,-5.20741394527802
ULTRACEMCO,2019-12-10,2019-12-18,4040.0,4071.0,6,0.7673267326732673
NTPC,2019-12-10,2020-01-22,110.15,112.5,30,2.1334543803903716
HDFCLIFE,2019-12-10,2020-01-17,571.0,606.35,27,6.190893169877413
COFORGE,2019-12-11,2020-02-11,1484.35,1828.0,44,23.151547815542166
VEDL,2019-12-12,2020-01-28,143.65,142.15,32,-1.0442046641141665
INFY,2019-12-12,2020-02-28,702.5,732.0,55,4.199288256227758
IRCTC,2019-12-13,2020-03-11,178.58,257.07,61,43.95229029006607
JSWSTEEL,2019-12-13,2020-01-29,258.85,261.25,32,0.9271779022599872
ABB,2019-12-13,2019-12-20,1491.75,1257.8,5,-15.682922741746275
TCS,2019-12-13,2020-01-31,2070.0,2082.4,34,0.5990338164251252
BHARATFORG,2019-12-13,2020-02-01,464.9,474.5,35,2.0649602064960257
TRENT,2019-12-13,2020-03-06,507.0,688.4,59,35.77909270216962
ABBOTINDIA,2019-12-16,2020-01-07,13304.95,12749.85,15,-4.172131424770482
ITC,2019-12-18,2020-01-08,244.95,234.45,14,-4.286589099816289
PERSISTENT,2019-12-18,2019-12-26,679.0,669.75,5,-1.362297496318115
MCDOWELL-N,2019-12-18,2020-01-06,594.0,568.5,12,-4.292929292929292
PIDILITIND,2019-12-18,2020-03-23,1367.0,1274.0,66,-6.803218727139722
INTELLECT,2019-12-18,2019-12-23,150.0,146.9,3,-2.066666666666663
SRF,2019-12-19,2020-02-28,668.98,787.0,50,17.641783012945076
TITAN,2019-12-20,2020-01-10,1199.7,1153.9,14,-3.8176210719346466
SBILIFE,2019-12-20,2020-02-01,1007.7,920.6,30,-8.643445469881911
BRITANNIA,2019-12-20,2020-01-08,3115.0,3025.0,12,-2.889245585874799
ADANIENT,2019-12-20,2020-03-02,217.6,218.0,50,0.18382352941176733
PAGEIND,2019-12-20,2020-02-11,22020.0,24054.95,37,9.241371480472301
NESTLEIND,2019-12-20,2020-03-12,1458.0,1569.0,57,7.613168724279835
UBL,2019-12-20,2020-02-26,1224.25,1231.15,47,0.56361037369819
UPL,2019-12-20,2020-01-22,580.0,560.95,22,-3.284482758620682
ZYDUSLIFE,2019-12-20,2020-01-10,266.2,257.85,14,-3.1367392937640743
HAVELLS,2019-12-23,2020-01-21,649.7,614.7,20,-5.387101739264275
TATACHEM,2019-12-23,2020-02-28,672.0,717.0,48,6.696428571428571
CIPLA,2019-12-24,2020-01-30,477.2,451.0,26,-5.490360435875941
BPCL,2019-12-24,2020-01-06,479.8,467.9,8,-2.4802000833680773
CHAMBLFERT,2019-12-26,2020-02-13,147.0,159.25,36,8.333333333333332
INDHOTEL,2019-12-26,2020-02-12,143.1,137.95,35,-3.5988819007686974
ONGC,2019-12-26,2020-01-15,129.2,124.65,14,-3.5216718266253744
IPCALAB,2019-12-26,2020-03-24,575.0,676.5,62,17.652173913043477
FEDERALBNK,2019-12-27,2020-02-12,88.05,90.5,34,2.7825099375354942
MPHASIS,2019-12-27,2020-01-21,892.0,880.1,17,-1.3340807174887868
MCX,2019-12-27,2020-02-01,1186.55,1186.9,26,0.02949728203616674
PFC,2019-12-27,2020-02-01,92.2,87.2,26,-5.42299349240781
AUBANK,2019-12-27,2020-03-11,399.1,515.12,52,29.070408418942616
MRF,2019-12-27,2020-02-26,66400.75,67850.0,43,2.1825807690425183
BATAINDIA,2019-12-30,2020-02-24,1763.0,1762.9,40,-0.005672149744748103
ASTRAL,2019-12-31,2020-01-16,663.19,626.85,12,-5.4795759887815
BOSCHLTD,2019-12-31,2020-02-01,15340.0,13625.0,24,-11.179921773142112
ESCORTS,2020-01-01,2020-02-28,604.05,780.1,42,29.144938332919473
PERSISTENT,2020-01-01,2020-02-10,704.0,701.1,29,-0.41193181818181496
ALKEM,2020-01-01,2020-03-12,2099.0,2387.0,50,13.720819437827537
ULTRACEMCO,2020-01-02,2020-02-25,4237.0,4346.05,38,2.5737550153410473
ACC,2020-01-02,2020-02-01,1494.8,1427.2,22,-4.5223441263045165
GRASIM,2020-01-02,2020-02-11,762.27,755.8,29,-0.8487806157923081
APOLLOTYRE,2020-01-02,2020-02-03,170.05,161.45,23,-5.0573360776242415
BEL,2020-01-02,2020-01-08,34.5,31.8,4,-7.826086956521737
LICHSGFIN,2020-01-02,2020-02-01,457.0,406.05,22,-11.148796498905906
RAMCOCEM,2020-01-02,2020-02-01,770.3,769.0,22,-0.1687654160716545
MARICO,2020-01-02,2020-01-31,337.5,317.15,21,-6.029629629629636
AMBUJACEM,2020-01-02,2020-02-01,205.2,195.35,22,-4.800194931773877
SHREECEM,2020-01-02,2020-02-01,21249.5,22278.25,22,4.841290383303137
M&MFIN,2020-01-02,2020-02-26,206.45,219.52,39,6.330830709614929
INDIGO,2020-01-03,2020-03-02,1363.9,1240.0,41,-9.084243712882182
BIOCON,2020-01-03,2020-02-28,301.25,289.55,40,-3.883817427385888
AUROPHARMA,2020-01-03,2020-03-12,460.2,375.0,48,-18.513689700130374
SUNPHARMA,2020-01-03,2020-02-01,443.3,422.8,21,-4.624407850214301
HAL,2020-01-03,2020-02-01,367.7,382.5,21,4.025020397062827
GODREJCP,2020-01-06,2020-01-30,698.1,680.5,18,-2.5211287781120215
DALBHARAT,2020-01-06,2020-02-25,792.0,815.95,36,3.0239898989899046
ASIANPAINT,2020-01-06,2020-02-01,1706.8,1755.35,20,2.8445043355987787
DLF,2020-01-06,2020-02-01,221.2,228.95,20,3.5036166365280295
MCDOWELL-N,2020-01-08,2020-03-05,575.25,659.15,41,14.584963059539326
SBIN,2020-01-08,2020-01-20,319.35,314.0,8,-1.675277908251142
TATACONSUM,2020-01-09,2020-02-26,327.9,366.15,34,11.665141811527906
BHEL,2020-01-09,2020-01-31,44.85,42.75,16,-4.682274247491642
OBEROIRLTY,2020-01-09,2020-02-11,521.0,518.0,24,-0.5758157389635317
IDFCFIRSTB,2020-01-09,2020-01-21,44.3,43.15,8,-2.5959367945823897
VOLTAS,2020-01-09,2020-02-12,684.5,681.5,25,-0.4382761139517896
MANAPPURAM,2020-01-09,2020-02-05,172.55,169.0,20,-2.0573746740075403
INDUSINDBK,2020-01-09,2020-01-17,1507.75,1350.5,6,-10.429447852760736
ICICIBANK,2020-01-09,2020-01-29,545.6,526.9,14,-3.427419354838718
GODREJPROP,2020-01-10,2020-02-26,973.0,1077.2,33,10.709146968139779
POLYCAB,2020-01-10,2020-02-04,1030.0,999.5,18,-2.9611650485436893
DRREDDY,2020-01-10,2020-02-28,2936.6,2920.0,35,-0.565279575018726
NAUKRI,2020-01-13,2020-02-25,2495.05,2652.0,31,6.290455101100171
COALINDIA,2020-01-13,2020-01-22,211.6,191.55,7,-9.475425330812847
LUPIN,2020-01-13,2020-01-20,749.0,733.35,5,-2.089452603471292
MOTHERSON,2020-01-14,2020-01-22,94.97,92.4,6,-2.7061177213856933
HDFCAMC,2020-01-14,2020-02-03,3140.45,3079.0,15,-1.9567259469184295
EXIDEIND,2020-01-14,2020-02-10,190.3,178.2,20,-6.358381502890185
CUMMINSIND,2020-01-15,2020-02-12,580.1,550.0,21,-5.188760558524396
BEL,2020-01-15,2020-01-31,34.75,30.0,12,-13.66906474820144
WIPRO,2020-01-15,2020-01-27,248.1,245.25,8,-1.1487303506650521
ICICIGI,2020-01-16,2020-02-04,1412.0,1327.5,14,-5.984419263456091
GLENMARK,2020-01-16,2020-01-30,352.1,318.5,10,-9.5427435387674
ZYDUSLIFE,2020-01-16,2020-02-28,270.0,259.0,31,-4.074074074074074
CANFINHOME,2020-01-16,2020-03-04,385.0,471.35,34,22.428571428571434
SIEMENS,2020-01-17,2020-02-01,1586.0,1421.65,11,-10.362547288776792
PIIND,2020-01-17,2020-02-28,1437.0,1505.0,30,4.732080723729993
KOTAKBANK,2020-01-20,2020-01-22,1617.0,1590.25,2,-1.6542980828695115
HDFCBANK,2020-01-20,2020-01-27,1257.4,1213.25,5,-3.5112136153968576
INDIAMART,2020-01-20,2020-03-18,1062.5,1051.95,41,-0.992941176470584
ASHOKLEY,2020-01-21,2020-02-01,86.2,77.1,9,-10.556844547563815
ICICIPRULI,2020-01-21,2020-02-03,490.45,446.4,10,-8.981547558364769
M&M,2020-01-21,2020-02-14,551.0,524.1,19,-4.882032667876584
BSOFT,2020-01-22,2020-03-13,73.35,77.5,36,5.6578050443081205
SBIN,2020-01-23,2020-01-29,323.15,316.95,4,-1.9186136469131947
AXISBANK,2020-01-23,2020-02-01,723.9,707.0,7,-2.3345765989777565
LT,2020-01-23,2020-02-17,1330.45,1281.5,18,-3.679206283588263
KOTAKBANK,2020-01-24,2020-03-02,1638.0,1600.0,26,-2.31990231990232
BRITANNIA,2020-01-24,2020-02-24,3185.0,3026.0,21,-4.99215070643642
CONCOR,2020-01-27,2020-02-26,570.0,513.0,22,-10.0
LUPIN,2020-01-27,2020-01-30,751.1,728.2,3,-3.0488616695513215
TATASTEEL,2020-01-27,2020-01-29,46.06,45.05,2,-2.1927920104212006
BPCL,2020-01-28,2020-02-01,479.4,440.15,4,-8.187317480183562
MPHASIS,2020-01-28,2020-02-26,926.05,851.0,21,-8.104314021921057
ADANIPORTS,2020-01-29,2020-01-31,382.5,370.5,2,-3.1372549019607843
MUTHOOTFIN,2020-01-30,2020-03-12,775.0,758.85,29,-2.0838709677419325
BAJAJ-AUTO,2020-01-30,2020-02-24,3142.0,2978.0,17,-5.219605346912794
TCS,2020-02-01,2020-02-04,2167.5,2111.95,2,-2.5628604382929727
HINDUNILVR,2020-02-01,2020-03-09,2074.0,2133.0,25,2.844744455159113
HEROMOTOCO,2020-02-01,2020-02-17,2420.0,2283.5,11,-5.640495867768594
ICICIBANK,2020-02-03,2020-02-27,516.4,514.4,17,-0.3872966692486445
ABBOTINDIA,2020-02-03,2020-03-12,12780.0,13920.0,26,8.92018779342723
ASIANPAINT,2020-02-03,2020-02-25,1866.65,1828.9,15,-2.022339485173975
HDFCAMC,2020-02-04,2020-03-02,3184.4,3034.95,18,-4.6931918100741195
SHREECEM,2020-02-04,2020-02-26,24411.05,23500.0,15,-3.7321213139131637
HCLTECH,2020-02-06,2020-02-27,601.7,571.0,14,-5.102210403855749
ABB,2020-02-10,2020-02-13,1340.0,1272.0,3,-5.074626865671641
APOLLOHOSP,2020-02-13,2020-03-11,1706.9,1623.0,17,-4.915343605366459
VOLTAS,2020-02-17,2020-03-11,695.0,640.25,15,-7.8776978417266195
HAVELLS,2020-02-19,2020-03-16,620.9,566.7,16,-8.72926397165404
MARUTI,2020-02-19,2020-02-24,6763.0,6475.0,2,-4.258465178175366
TCS,2020-02-24,2020-02-28,2112.0,2010.0,4,-4.829545454545454
SYNGENE,2020-02-25,2020-02-28,310.0,298.0,3,-3.870967741935484
PERSISTENT,2020-02-28,2020-03-12,696.0,642.65,8,-7.6652298850574745
DABUR,2020-03-02,2020-03-12,497.55,455.3,7,-8.491608883529294
RAMCOCEM,2020-03-03,2020-03-05,775.2,735.3,2,-5.147058823529424
AMBUJACEM,2020-03-03,2020-03-11,211.35,190.05,5,-10.078069552874371
TITAN,2020-03-04,2020-03-09,1252.5,1208.0,3,-3.5528942115768465
KOTAKBANK,2020-03-05,2020-03-09,1649.9,1586.7,2,-3.8305351839505453
COLPAL,2020-03-06,2020-03-12,1317.95,1225.0,3,-7.052619598619072
ASIANPAINT,2020-03-09,2020-03-16,1864.0,1683.45,4,-9.686158798283259
MRF,2020-05-13,2020-07-24,59900.0,62900.0,51,5.008347245409015
WIPRO,2020-05-21,2020-08-31,189.0,268.85,71,42.24867724867726
TCS,2020-05-27,2020-07-24,2008.0,2158.8,42,7.509960159362559
IDFC,2020-05-29,2020-07-10,14.25,19.3,30,35.438596491228076
DIVISLAB,2020-05-29,2020-06-19,2388.9,2325.0,15,-2.6748712796684706
LTIM,2020-06-19,2020-08-21,1867.5,2365.0,45,26.639892904953143
HINDUNILVR,2020-06-23,2020-08-06,2157.8,2216.3,32,2.7110946334229302
INFY,2020-06-23,2020-08-31,720.15,919.8,49,27.72339096021662
AMBUJACEM,2020-06-24,2020-08-31,190.0,208.65,48,9.815789473684214
HCLTECH,2020-06-26,2020-11-02,562.8,822.8,90,46.19758351101635
NESTLEIND,2020-06-30,2020-08-05,1715.6,1649.96,26,-3.826066682210298
ATUL,2020-06-30,2020-10-06,4580.0,6081.1,69,32.77510917030568
PETRONET,2020-06-30,2020-07-23,260.1,252.0,17,-3.1141868512110813
RAMCOCEM,2020-07-01,2020-08-17,646.35,670.0,33,3.659008277249165
ZYDUSLIFE,2020-07-02,2020-08-31,366.0,372.0,42,1.639344262295082
VOLTAS,2020-07-02,2020-12-21,564.2,781.75,120,38.559021623537745
BHARTIARTL,2020-07-03,2020-07-31,580.75,555.1,20,-4.4167025398191955
SRF,2020-07-06,2020-07-28,775.6,753.87,16,-2.8017019082001053
LALPATHLAB,2020-07-06,2020-08-10,1657.5,1875.1,25,13.128205128205122
TATACHEM,2020-07-07,2020-07-13,313.05,298.4,4,-4.679763616035788
DRREDDY,2020-07-08,2020-07-10,3888.15,3905.0,2,0.433368054216013
AUROPHARMA,2020-07-08,2020-08-28,803.0,868.5,37,8.156911581569117
ALKEM,2020-07-08,2020-09-30,2428.9,2768.75,60,13.99193050352011
TITAN,2020-07-10,2020-09-23,965.9,1114.3,53,15.363909307381714
UBL,2020-07-10,2020-07-22,1027.0,991.0,8,-3.5053554040895816
SUNPHARMA,2020-07-10,2020-10-23,493.0,484.5,74,-1.7241379310344827
MCDOWELL-N,2020-07-10,2020-07-29,638.75,578.0,13,-9.510763209393346
ACC,2020-07-13,2020-08-31,1344.0,1318.0,35,-1.9345238095238095
COLPAL,2020-07-13,2020-08-27,1432.0,1407.25,33,-1.7283519553072626
DRREDDY,2020-07-14,2020-08-24,3976.9,4477.7,29,12.592722975181667
IOC,2020-07-16,2020-08-10,56.0,58.13,17,3.8035714285714333
BPCL,2020-07-16,2020-08-10,395.1,415.2,17,5.087319665907356
HAVELLS,2020-07-17,2021-01-06,592.5,943.4,120,59.22362869198312
EXIDEIND,2020-07-17,2020-09-09,159.7,156.0,38,-2.3168440826549714
ICICIGI,2020-07-17,2020-08-26,1289.6,1264.8,28,-1.9230769230769198
ICICIPRULI,2020-07-20,2020-08-28,436.75,451.0,29,3.262736119061248
PIDILITIND,2020-07-20,2020-11-26,1438.0,1535.0,92,6.7454798331015295
VEDL,2020-07-21,2020-10-08,110.55,118.2,56,6.919945725915881
BALKRISIND,2020-07-21,2020-07-27,1248.0,1250.5,4,0.2003205128205128
MARUTI,2020-07-21,2020-09-22,6115.3,6426.0,45,5.08069922980066
TVSMOTOR,2020-07-21,2020-10-22,402.3,443.7,66,10.290827740492164
LT,2020-07-22,2020-07-24,920.95,904.9,2,-1.7427656224550807
BAJAJ-AUTO,2020-07-22,2020-09-04,2981.2,2892.0,32,-2.9920837246746217
NMDC,2020-07-22,2020-09-17,84.75,88.25,41,4.129793510324483
ABBOTINDIA,2020-07-23,2020-07-27,15499.0,14950.0,2,-3.542164010581328
ASIANPAINT,2020-07-23,2020-11-25,1729.5,2156.5,88,24.689216536571262
KOTAKBANK,2020-07-23,2020-09-15,1372.1,1327.0,38,-3.286932439326573
ULTRACEMCO,2020-07-24,2020-09-07,3779.5,3844.85,31,1.7290646910967034
MARICO,2020-07-24,2020-09-21,356.8,348.6,41,-2.2982062780269024
AARTIIND,2020-07-24,2020-09-09,475.1,510.85,33,7.5247316354451685
BERGEPAINT,2020-07-24,2021-01-13,437.46,665.0,120,52.01389841356925
CROMPTON,2020-07-27,2021-01-14,244.9,396.25,120,61.800734993875054
TORNTPHARM,2020-07-29,2020-08-26,1196.0,1378.5,20,15.259197324414716
DABUR,2020-07-29,2020-08-20,491.25,494.4,16,0.6412213740457969
BALKRISIND,2020-07-30,2020-09-08,1266.15,1250.0,28,-1.275520278008142
DALBHARAT,2020-07-30,2020-09-01,747.95,750.5,23,0.34093188047328754
LUPIN,2020-07-30,2020-09-04,888.4,945.8,26,6.461053579468705
ABBOTINDIA,2020-07-31,2020-10-06,15550.0,15972.05,46,2.714147909967841
ASTRAL,2020-08-03,2020-09-23,527.46,618.22,37,17.206991999393317
MOTHERSON,2020-08-03,2020-09-04,64.9,75.6,24,16.486902927580875
GODREJCP,2020-08-04,2020-08-31,683.15,649.0,19,-4.998902144477784
SUNTV,2020-08-05,2020-10-13,395.8,442.45,48,11.786255684689232
BATAINDIA,2020-08-05,2020-11-03,1319.0,1298.2,63,-1.5769522365428321
SHREECEM,2020-08-05,2020-08-28,22105.0,21350.0,17,-3.415516851391088
PFC,2020-08-06,2020-09-08,68.88,71.6,23,3.9488966318234597
BOSCHLTD,2020-08-06,2020-09-01,13100.0,12505.1,18,-4.541221374045799
CANBK,2020-08-06,2020-09-17,102.3,99.85,30,-2.394916911045946
SRF,2020-08-07,2021-01-28,815.6,1073.8,120,31.657675331044622
BALRAMCHIN,2020-08-07,2020-09-11,130.0,147.1,25,13.15384615384615
GNFC,2020-08-10,2020-10-09,167.6,206.8,43,23.389021479713616
LT,2020-08-10,2020-09-04,960.0,945.0,19,-1.5625
POLYCAB,2020-08-10,2020-09-08,859.0,842.0,21,-1.979045401629802
SIEMENS,2020-08-10,2021-01-29,1132.0,1590.5,120,40.503533568904594
IRCTC,2020-08-11,2020-10-19,275.0,265.2,48,-3.5636363636363675
ITC,2020-08-11,2020-08-31,203.4,190.9,14,-6.145526057030482
ASHOKLEY,2020-08-11,2021-02-01,52.3,121.75,120,132.79158699808798
LICHSGFIN,2020-08-11,2020-09-23,266.25,277.35,31,4.169014084507051
HEROMOTOCO,2020-08-12,2020-10-27,2772.0,2914.95,53,5.1569264069264005
ABB,2020-08-13,2020-09-09,938.45,902.9,19,-3.7881613298524233
MCDOWELL-N,2020-08-13,2020-08-31,592.5,546.0,12,-7.848101265822785
UBL,2020-08-13,2020-09-22,988.0,964.0,28,-2.42914979757085
MRF,2020-08-13,2020-08-27,64051.0,59498.65,10,-7.107383179029209
PAGEIND,2020-08-14,2020-08-20,18999.0,19000.0,4,0.005263434917627243
COALINDIA,2020-08-14,2020-09-09,132.0,127.75,18,-3.2196969696969697
NTPC,2020-08-14,2020-09-09,88.5,90.65,18,2.4293785310734526
CUB,2020-08-17,2020-12-09,124.55,174.6,80,40.18466479325572
RAMCOCEM,2020-08-18,2020-12-18,696.0,840.0,86,20.689655172413794
TATACHEM,2020-08-19,2020-09-08,313.95,288.0,14,-8.265647396082175
IGL,2020-08-20,2020-09-10,412.0,388.4,15,-5.728155339805831
ONGC,2020-08-20,2020-09-08,82.2,74.2,13,-9.7323600973236
MGL,2020-08-20,2020-09-01,1016.85,913.7,8,-10.14407238039042
POWERGRID,2020-08-20,2020-09-10,102.27,100.43,15,-1.799159088686799
PAGEIND,2020-08-21,2020-09-07,20443.15,18200.0,11,-10.972624081905193
INDUSTOWER,2020-08-24,2020-09-23,199.3,165.85,22,-16.783743100852995
HDFCAMC,2020-08-24,2020-09-14,2475.0,2341.5,15,-5.393939393939394
CANFINHOME,2020-08-24,2021-01-29,379.2,479.95,110,26.56909282700422
RELIANCE,2020-08-26,2020-09-30,2134.7,2230.0,25,4.464327540169588
LTIM,2020-08-26,2020-10-30,2470.0,2910.0,46,17.813765182186234
M&M,2020-08-27,2020-09-24,638.95,582.0,20,-8.913060489866194
CHAMBLFERT,2020-08-28,2020-09-02,153.55,147.25,3,-4.102898078801701
AUBANK,2020-08-28,2020-09-04,367.98,329.95,5,-10.33480080439155
IOC,2020-08-31,2020-09-04,56.97,56.1,4,-1.527119536598205
LTTS,2020-08-31,2020-09-08,1560.8,1498.0,6,-4.023577652485902
SBILIFE,2020-08-31,2020-09-25,828.85,795.15,19,-4.065874404295113
HDFCLIFE,2020-08-31,2020-09-30,573.8,558.9,22,-2.5967235970721467
HINDUNILVR,2020-08-31,2020-09-21,2105.0,2035.0,15,-3.32541567695962
NESTLEIND,2020-09-01,2020-09-21,1622.47,1539.0,14,-5.144625170265091
WIPRO,2020-09-01,2020-10-28,272.15,334.9,40,23.057137607936802
BAJAJFINSV,2020-09-01,2020-09-14,635.6,610.74,9,-3.911264946507239
BPCL,2020-09-08,2020-09-30,410.9,351.9,16,-14.35872475054758
DRREDDY,2020-09-08,2020-10-28,4330.0,4938.0,35,14.041570438799075
NAUKRI,2020-09-10,2021-01-28,3388.0,4555.0,96,34.44510035419127
COLPAL,2020-09-10,2021-01-25,1393.65,1529.45,94,9.744196893050619
IEX,2020-09-10,2020-10-23,64.03,65.03,30,1.5617679212868967
DABUR,2020-09-11,2020-11-26,507.0,504.1,53,-0.5719921104536444
TECHM,2020-09-11,2020-10-28,763.7,805.1,32,5.420976823359955
CUMMINSIND,2020-09-14,2020-10-06,472.25,448.55,15,-5.018528321863417
INFY,2020-09-14,2020-10-30,975.4,1059.7,33,8.64260816075457
JKCEMENT,2020-09-14,2020-12-18,1541.0,1884.8,67,22.31018818948734
APOLLOHOSP,2020-09-15,2020-10-28,1659.05,2075.35,30,25.092673517977154
TORNTPHARM,2020-09-15,2020-10-26,1428.97,1325.07,28,-7.2709713989796905
CIPLA,2020-09-15,2020-10-30,742.1,756.0,32,1.8730629295243197
BRITANNIA,2020-09-16,2020-09-22,3848.0,3599.45,4,-6.459199584199589
DIVISLAB,2020-09-18,2021-01-18,3346.0,3559.35,83,6.3762701733413
SBICARD,2020-09-18,2020-11-03,851.0,814.4,31,-4.300822561692129
JSWSTEEL,2020-09-18,2020-09-22,288.1,272.5,2,-5.414786532454016
ULTRACEMCO,2020-09-24,2021-03-18,3780.0,6524.75,120,72.61243386243386
NESTLEIND,2020-09-25,2021-01-13,1574.99,1801.5,75,14.381678613832468
BAJAJ-AUTO,2020-09-29,2021-02-22,2901.0,3946.5,100,36.039296794208894
HINDUNILVR,2020-09-30,2020-11-03,2065.0,2049.95,23,-0.7288135593220427
EXIDEIND,2020-10-05,2021-02-26,166.4,202.5,101,21.694711538461533
BRITANNIA,2020-10-06,2020-10-21,3774.0,3401.45,11,-9.871489136195024
ICICIGI,2020-10-08,2021-01-22,1252.2,1423.05,74,13.643986583612833
LT,2020-10-09,2021-02-26,910.05,1441.8,97,58.430855447502886
HDFCLIFE,2020-10-09,2021-01-27,575.0,683.2,75,18.817391304347833
KOTAKBANK,2020-10-12,2021-01-15,1312.7,1868.85,67,42.366877428201406
OFSS,2020-10-13,2020-11-05,3049.0,3073.0,17,0.787143325680551
MRF,2020-10-19,2020-12-21,60074.9,75198.0,44,25.173741446094787
IOC,2020-10-20,2021-03-24,50.1,62.9,107,25.548902195608775
GAIL,2020-10-21,2021-02-02,58.47,87.07,71,48.913972977595336
POWERGRID,2020-10-21,2021-01-29,92.82,103.7,69,11.721611721611733
POLYCAB,2020-10-21,2021-01-28,824.0,1196.0,68,45.14563106796117
UBL,2020-10-21,2020-10-28,962.0,903.45,5,-6.086278586278581
ATUL,2020-10-22,2020-12-08,6178.1,6098.8,32,-1.2835661449312923
MARUTI,2020-10-26,2020-11-14,7056.5,6852.0,15,-2.898037270601573
MARICO,2020-10-26,2021-03-12,349.75,395.0,95,12.937812723373836
BAJAJFINSV,2020-10-26,2020-10-29,570.08,561.5,3,-1.5050519225371948
TATAPOWER,2020-10-26,2021-03-25,54.0,99.0,104,83.33333333333334
ABB,2020-10-27,2021-03-17,925.0,1447.9,97,56.52972972972974
ALKEM,2020-10-27,2021-02-01,2688.0,2936.75,66,9.254092261904761
PFC,2020-10-28,2021-01-28,68.64,88.16,63,28.43822843822843
GMRINFRA,2020-10-29,2021-01-28,23.3,24.8,62,6.437768240343347
COALINDIA,2020-10-30,2021-01-06,114.65,135.05,46,17.793283907544705
ADANIPORTS,2020-10-30,2021-03-25,358.0,687.6,100,92.06703910614526
IDFCFIRSTB,2020-11-02,2020-12-21,30.15,33.95,34,12.603648424543962
GLENMARK,2020-11-03,2020-11-25,481.75,467.5,16,-2.9579657498702647
ABBOTINDIA,2020-11-03,2021-01-04,15800.0,15698.9,42,-0.6398734177215213
PAGEIND,2020-11-04,2021-01-29,20291.0,27300.0,59,34.54240796412202
COROMANDEL,2020-11-04,2020-12-18,744.15,780.7,31,4.911644157763901
MCDOWELL-N,2020-11-05,2021-01-29,533.1,579.5,58,8.70380791596323
BEL,2020-11-05,2021-03-22,31.13,42.68,93,37.102473498233216
DEEPAKNTR,2020-11-05,2021-01-27,753.95,966.0,56,28.125207241859535
GRASIM,2020-11-05,2020-12-21,802.21,867.55,31,8.144999439049615
HDFCAMC,2020-11-06,2021-01-29,2371.0,2884.85,57,21.672290172922814
ITC,2020-11-09,2021-01-08,173.0,202.1,42,16.82080924855491
ICICIPRULI,2020-11-09,2021-01-29,422.0,482.35,56,14.300947867298582
UBL,2020-11-09,2021-02-18,978.0,1254.0,70,28.22085889570552
PNB,2020-11-09,2020-12-29,28.7,33.3,34,16.027874564459925
IRCTC,2020-11-10,2020-12-28,275.12,283.78,32,3.147717359697575
TCS,2020-11-10,2021-02-15,2654.0,3148.0,66,18.613413715146947
AUROPHARMA,2020-11-10,2020-12-21,762.5,843.5,28,10.62295081967213
ONGC,2020-11-10,2021-01-29,70.85,89.2,55,25.8997882851094
M&M,2020-11-11,2020-12-21,633.7,681.95,27,7.614012939876913
BATAINDIA,2020-11-11,2021-01-27,1328.0,1522.55,52,14.649849397590359
BOSCHLTD,2020-11-11,2020-12-21,12266.0,12430.0,27,1.3370291863688244
HINDUNILVR,2020-11-12,2020-12-03,2202.15,2130.0,14,-3.2763435733260717
MGL,2020-11-13,2021-01-27,860.0,1040.0,50,20.930232558139537
GRANULES,2020-11-17,2020-12-15,386.0,384.0,19,-0.5181347150259068
ACC,2020-11-17,2020-12-21,1695.0,1572.85,23,-7.20648967551623
TATACHEM,2020-11-18,2020-12-28,327.65,479.0,26,46.19258354951931
MARUTI,2020-11-19,2020-12-23,6949.0,7450.0,23,7.209670456180746
GODREJCP,2020-11-19,2021-02-08,685.7,733.0,54,6.898060376257832
MPHASIS,2020-11-23,2021-01-29,1315.0,1540.05,46,17.114068441064635
WIPRO,2020-11-23,2021-02-02,356.6,427.9,48,19.99439147504205
HCLTECH,2020-11-23,2021-02-01,838.2,932.1,47,11.202576950608444
INFY,2020-11-23,2021-02-01,1138.5,1267.1,47,11.295564339042592
DRREDDY,2020-11-24,2021-01-22,4940.0,5040.0,41,2.0242914979757085
BIOCON,2020-11-24,2021-01-21,435.5,442.6,40,1.630309988518949
LTTS,2020-11-26,2021-03-24,1708.0,2500.0,80,46.37002341920375
ASIANPAINT,2020-11-27,2021-01-25,2189.9,2519.05,39,15.030366683410204
BRITANNIA,2020-11-27,2020-12-31,3550.0,3572.5,22,0.6338028169014085
PIDILITIND,2020-11-27,2021-01-29,1512.85,1679.0,42,10.982582542882644
TECHM,2020-11-27,2021-01-29,866.0,958.1,42,10.635103926097
SYNGENE,2020-12-01,2021-01-22,568.9,586.0,37,3.0058006679557083
BHARTIARTL,2020-12-01,2021-02-23,479.2,567.0,58,18.322203672787982
TVSMOTOR,2020-12-02,2021-02-24,488.55,598.55,58,22.5156074096817
HINDPETRO,2020-12-04,2021-03-18,217.3,234.8,71,8.053382420616659
HINDUNILVR,2020-12-07,2021-02-01,2255.0,2255.0,38,0.0
AMBUJACEM,2020-12-09,2020-12-11,253.45,246.7,2,-2.6632471887946343
MCX,2020-12-09,2021-01-18,1699.0,1638.8,27,-3.5432607416127158
IEX,2020-12-10,2021-04-12,74.13,113.0,82,52.434911641710514
CONCOR,2020-12-11,2020-12-21,400.55,381.55,6,-4.7434777181375605
CIPLA,2020-12-14,2021-02-23,786.9,794.4,49,0.9531071292413268
ESCORTS,2020-12-14,2020-12-21,1330.85,1239.0,5,-6.9016042378930695
ABFRL,2020-12-16,2020-12-22,163.0,152.0,4,-6.748466257668712
MFSL,2020-12-16,2021-01-28,641.0,671.6,29,4.773790951638069
TORNTPHARM,2020-12-18,2021-01-29,1384.45,1297.0,28,-6.316587814655643
HEROMOTOCO,2020-12-21,2020-12-23,3000.0,3020.0,2,0.6666666666666667
HDFCBANK,2020-12-21,2021-03-17,1369.05,1492.95,59,9.050071217267455
DABUR,2020-12-21,2021-01-29,502.35,513.9,27,2.299193789190794
SBILIFE,2020-12-21,2021-01-22,840.5,857.65,23,2.040452111838189
RELIANCE,2020-12-21,2021-03-18,1935.0,2011.0,60,3.927648578811369
SBICARD,2020-12-21,2021-03-18,810.25,1002.7,60,23.751928417155206
ATUL,2020-12-22,2021-01-28,6220.45,6300.0,25,1.2788463857116477
OFSS,2020-12-24,2021-02-02,3220.0,3279.65,26,1.852484472049692
GRASIM,2020-12-30,2021-04-20,933.39,1278.82,74,37.008110221879384
MUTHOOTFIN,2021-01-04,2021-01-25,1246.85,1171.55,15,-6.039218831455264
MRF,2021-01-04,2021-03-02,78398.95,89900.0,40,14.669903104569645
ICICIBANK,2021-01-05,2021-03-05,536.65,611.6,42,13.966272244479653
SHREECEM,2021-01-06,2021-01-27,24699.0,22919.0,14,-7.2067695048382525
PIIND,2021-01-07,2021-01-29,2188.0,2050.0,15,-6.307129798903108
BAJAJFINSV,2021-01-07,2021-01-18,897.01,835.1,7,-6.901818262895616
ITC,2021-01-13,2021-02-24,211.2,208.65,29,-1.2073863636363555
IPCALAB,2021-01-14,2021-01-21,1073.0,1024.75,5,-4.496738117427772
TATACONSUM,2021-01-21,2021-01-29,599.3,555.0,5,-7.3919572834974066
HEROMOTOCO,2021-01-21,2021-02-26,3262.0,3218.85,25,-1.322808093194362
GLENMARK,2021-01-22,2021-01-27,492.6,483.8,2,-1.786439301664639
INDHOTEL,2021-01-28,2021-02-04,121.5,120.0,5,-1.2345679012345678
IRCTC,2021-01-28,2021-03-25,291.6,344.8,39,18.244170096021943
DABUR,2021-02-01,2021-02-04,527.6,526.9,3,-0.1326762699014491
ALKEM,2021-02-05,2021-02-09,2933.0,2870.3,2,-2.137742925332418
HDFCLIFE,2021-02-09,2021-03-18,708.8,683.85,26,-3.5200338600451375
INDHOTEL,2021-02-09,2021-03-19,125.0,114.0,27,-8.799999999999999
PIDILITIND,2021-02-09,2021-08-05,1759.0,2244.9,120,27.623649801023316
ATUL,2021-02-12,2021-07-26,6855.0,9080.9,109,32.471188913202035
GLENMARK,2021-02-15,2021-02-23,492.0,465.1,6,-5.467479674796744
PETRONET,2021-02-18,2021-03-16,246.7,236.75,17,-4.03323875152006
TECHM,2021-02-19,2021-02-26,998.5,919.3,5,-7.93189784677016
SYNGENE,2021-02-22,2021-03-03,553.5,551.2,7,-0.4155374887082122
INFY,2021-02-22,2021-02-26,1264.15,1254.0,4,-0.8029110469485496
HDFCAMC,2021-02-26,2021-03-24,2915.0,2850.0,17,-2.2298456260720414
SBILIFE,2021-03-01,2021-03-31,875.5,878.65,20,0.35979440319816985
HCLTECH,2021-03-02,2021-04-26,952.2,929.8,34,-2.352446964923345
PIIND,2021-03-02,2021-08-23,2273.6,3100.0,116,36.347642505277975
CUMMINSIND,2021-03-02,2021-04-12,816.05,815.0,26,-0.12866858648366578
SRF,2021-03-03,2021-03-24,1140.0,1058.04,14,-7.189473684210529
ICICIPRULI,2021-03-03,2021-03-17,489.1,426.65,9,-12.768350030668586
MCX,2021-03-03,2021-04-12,1536.05,1484.95,25,-3.3267146251749558
WIPRO,2021-03-04,2021-03-24,439.5,410.7,13,-6.552901023890787
LT,2021-03-08,2021-03-23,1513.5,1405.5,10,-7.135777998017839
MCDOWELL-N,2021-03-09,2021-04-15,553.6,522.0,23,-5.708092485549137
BAJAJFINSV,2021-03-12,2021-03-18,993.0,944.5,4,-4.884189325276939
SIEMENS,2021-03-12,2021-03-18,1917.95,1787.0,4,-6.827602387966321
ASIANPAINT,2021-03-16,2021-08-10,2465.75,2978.0,99,20.77461218696137
SUNPHARMA,2021-03-17,2021-03-24,582.9,584.9,5,0.34311202607651403
POLYCAB,2021-03-18,2021-07-23,1306.65,1890.0,85,44.644702100792095
TORNTPHARM,2021-03-18,2021-09-14,1182.47,1559.57,120,31.890872495708127
BAJFINANCE,2021-03-18,2021-03-25,5395.0,5124.0,5,-5.023169601482855
MRF,2021-03-18,2021-03-22,83450.0,83575.3,2,0.15014979029359246
ITC,2021-03-18,2021-04-12,219.1,205.3,15,-6.298493838429933
TCS,2021-03-19,2021-04-30,3054.8,3040.5,26,-0.4681157522587463
HINDUNILVR,2021-03-19,2021-04-23,2315.0,2308.0,21,-0.3023758099352052
METROPOLIS,2021-03-19,2021-05-04,1919.0,2275.0,28,18.551328817092237
BATAINDIA,2021-03-19,2021-03-24,1486.1,1452.0,3,-2.294596595114724
UBL,2021-03-19,2021-04-12,1224.9,1080.0,14,-11.829537105069807
COLPAL,2021-03-19,2021-03-24,1575.8,1554.0,3,-1.3834242924228934
NESTLEIND,2021-03-19,2021-04-29,1639.99,1651.0,25,0.671345556985103
BIOCON,2021-03-19,2021-04-28,394.75,389.75,24,-1.266624445851805
ABBOTINDIA,2021-03-19,2021-09-15,14770.0,21122.0,120,43.00609343263372
BRITANNIA,2021-03-19,2021-04-27,3471.55,3546.0,23,2.1445751897567313
BALKRISIND,2021-03-19,2021-08-20,1620.0,2233.35,103,37.86111111111111
PAGEIND,2021-03-22,2021-05-11,29750.0,28810.0,32,-3.159663865546219
SHREECEM,2021-03-23,2021-04-27,28400.0,28063.2,21,-1.185915492957744
TITAN,2021-03-23,2021-05-03,1491.0,1423.7,25,-4.513749161636483
GODREJCP,2021-03-26,2021-04-29,710.0,702.95,20,-0.9929577464788668
IPCALAB,2021-03-30,2021-04-05,944.3,937.5,3,-0.7201101344911527
CIPLA,2021-03-30,2021-05-07,810.0,884.0,25,9.135802469135802
HDFCBANK,2021-03-30,2021-04-12,1551.85,1374.0,8,-11.460514869349481
COROMANDEL,2021-04-01,2021-05-03,748.7,730.5,19,-2.4308801923333836
MARICO,2021-04-05,2021-08-24,400.45,521.95,96,30.34086652515921
APOLLOHOSP,2021-04-06,2021-05-27,2986.0,3194.0,34,6.965840589417281
IPCALAB,2021-04-06,2021-06-08,974.0,1019.5,42,4.671457905544147
WIPRO,2021-04-07,2021-07-02,437.2,538.65,59,23.204483074107955
TECHM,2021-04-08,2021-04-30,1029.4,958.85,14,-6.853506897221688
ULTRACEMCO,2021-04-08,2021-04-20,7040.0,6189.0,7,-12.088068181818182
SUNTV,2021-04-09,2021-07-08,493.0,522.15,61,5.91277890466531
COLPAL,2021-04-13,2021-04-28,1539.35,1492.95,9,-3.0142592652742954
HINDPETRO,2021-04-13,2021-07-09,232.0,279.3,60,20.387931034482765
HDFCLIFE,2021-04-13,2021-05-17,705.5,666.9,21,-5.471296952515949
HDFCAMC,2021-04-15,2021-04-30,2943.5,2774.65,10,-5.736368269067434
BAJAJFINSV,2021-04-19,2021-10-11,948.5,1772.5,120,86.87401159725883
SBILIFE,2021-04-20,2021-06-01,900.95,965.65,28,7.181308618680274
ICICIGI,2021-04-20,2021-06-09,1407.0,1471.85,34,4.609097370291393
BAJAJ-AUTO,2021-04-20,2021-06-16,3583.5,4104.0,39,14.52490581833403
PETRONET,2021-04-22,2021-06-18,229.45,226.4,40,-1.3292656352146364
INDIAMART,2021-04-23,2021-05-10,4123.45,3675.0,11,-10.875601741260349
MFSL,2021-04-26,2021-08-16,881.1,1050.0,78,19.169220292815794
MCX,2021-04-27,2021-06-25,1544.0,1518.0,42,-1.6839378238341969
HEROMOTOCO,2021-04-28,2021-06-18,2932.0,2902.0,36,-1.023192360163711
KOTAKBANK,2021-04-28,2021-06-23,1814.95,1738.5,39,-4.212237251714926
HINDUNILVR,2021-04-30,2021-05-31,2350.0,2339.05,20,-0.4659574468085029
IOC,2021-04-30,2021-06-28,60.5,73.9,40,22.148760330578522
MRF,2021-04-30,2021-05-05,80561.0,78250.0,3,-2.868633706135723
BPCL,2021-04-30,2021-06-25,422.1,469.5,39,11.229566453447044
COALINDIA,2021-04-30,2021-06-29,133.15,145.6,41,9.350356740518203
BHARTIARTL,2021-05-03,2021-05-24,561.05,526.9,14,-6.086801532840207
ALKEM,2021-05-03,2021-10-14,2760.15,3895.0,114,41.115519084107746
TATACONSUM,2021-05-04,2021-05-07,647.0,629.95,3,-2.635239567233378
MCDOWELL-N,2021-05-05,2021-07-14,541.65,646.0,49,19.265208160251092
LT,2021-05-10,2021-08-11,1398.35,1584.0,65,13.276361425966323
HAL,2021-05-11,2021-06-22,498.75,500.0,29,0.2506265664160401
BOSCHLTD,2021-05-11,2021-06-23,14238.95,15076.0,30,5.878593576071264
VOLTAS,2021-05-11,2021-06-23,1009.8,1034.0,30,2.396514161220048
BERGEPAINT,2021-05-11,2021-08-10,614.08,678.33,63,10.462806149035956
IGL,2021-05-11,2021-07-22,525.95,539.65,50,2.6048103431885026
HAVELLS,2021-05-11,2021-06-21,1027.9,983.0,28,-4.368129195447036
COROMANDEL,2021-05-11,2021-07-15,760.0,877.05,46,15.401315789473676
ABB,2021-05-12,2021-07-20,1409.0,1713.5,48,21.611071682044003
INDIACEM,2021-05-12,2021-06-10,172.45,184.1,20,6.755581327921139
NESTLEIND,2021-05-14,2021-09-28,1721.03,1950.7,94,13.34491554476099
COLPAL,2021-05-14,2021-06-21,1570.0,1667.0,26,6.178343949044586
PEL,2021-05-14,2021-07-12,1627.0,2309.75,41,41.963736939151815
ITC,2021-05-14,2021-06-18,213.0,204.85,25,-3.826291079812209
BATAINDIA,2021-05-14,2021-07-02,1386.0,1590.0,35,14.71861471861472
MUTHOOTFIN,2021-05-17,2021-08-11,1225.95,1444.6,61,17.835148252375696
OBEROIRLTY,2021-05-18,2021-06-23,551.0,618.0,26,12.159709618874773
JKCEMENT,2021-05-19,2021-08-30,2842.35,3150.0,71,10.82379017362394
M&M,2021-05-20,2021-06-17,803.0,804.65,20,0.20547945205479168
MRF,2021-05-20,2021-06-24,81244.0,80940.0,25,-0.37418147801683815
HDFCBANK,2021-05-21,2021-06-17,1501.5,1462.25,19,-2.614052614052614
RAMCOCEM,2021-05-24,2021-08-10,970.5,1008.95,55,3.961875321998974
SHREECEM,2021-05-24,2021-07-02,26930.0,27050.0,29,0.44559970293353135
ESCORTS,2021-05-24,2021-06-23,1171.0,1168.1,22,-0.247651579846293
MGL,2021-05-25,2021-07-01,1146.6,1139.5,27,-0.6192220477934685
INDIGO,2021-05-25,2021-06-17,1719.0,1701.0,17,-1.0471204188481675
ACC,2021-05-27,2021-08-20,1990.0,2281.0,59,14.623115577889449
AXISBANK,2021-05-27,2021-07-28,749.25,722.5,43,-3.570236903570237
HDFCAMC,2021-05-28,2021-06-23,2979.0,2942.0,18,-1.2420275260154414
RELIANCE,2021-05-28,2021-06-25,2094.2,2104.5,20,0.4918345907745288
M&MFIN,2021-05-28,2021-06-24,160.2,156.2,19,-2.4968789013732837
UBL,2021-05-28,2021-08-12,1269.1,1389.0,53,9.447640059884964
DIVISLAB,2021-05-31,2021-08-24,4182.0,4846.5,59,15.889526542324248
GUJGASLTD,2021-05-31,2021-08-23,537.5,696.45,58,29.572093023255825
ADANIPORTS,2021-06-01,2021-06-16,799.0,702.7,11,-12.052565707133912
BAJFINANCE,2021-06-01,2021-07-02,5775.0,5999.4,23,3.885714285714279
TATACOMM,2021-06-01,2021-08-23,1131.5,1380.9,57,22.04153778170571
SBILIFE,2021-06-02,2021-10-25,984.95,1133.0,99,15.03121985887608
TECHM,2021-06-02,2021-10-12,1017.8,1377.8,91,35.370406759677735
APOLLOHOSP,2021-06-03,2021-06-23,3420.0,3238.25,14,-5.314327485380117
ULTRACEMCO,2021-06-07,2021-08-24,6836.0,7443.0,54,8.879461673493271
NTPC,2021-06-07,2021-08-09,116.5,116.85,44,0.30042918454935136
INDUSTOWER,2021-06-07,2021-06-28,252.5,244.05,15,-3.346534653465342
AARTIIND,2021-06-08,2021-06-29,886.6,865.6,15,-2.368599142792691
GLENMARK,2021-06-08,2021-07-28,632.0,587.5,35,-7.041139240506329
BIOCON,2021-06-08,2021-07-09,402.2,388.5,23,-3.406265539532568
DEEPAKNTR,2021-06-08,2021-10-27,1828.1,2414.5,97,32.07701985668181
SYNGENE,2021-06-09,2021-06-16,590.0,583.9,5,-1.0338983050847497
POWERGRID,2021-06-09,2021-07-01,137.06,130.18,16,-5.01969940172187
TATACHEM,2021-06-09,2021-06-24,737.7,707.4,11,-4.107360715738114
ZYDUSLIFE,2021-06-10,2021-07-20,652.8,621.0,28,-4.871323529411757
EXIDEIND,2021-06-10,2021-06-22,192.7,185.6,8,-3.684483653347169
OFSS,2021-06-11,2021-09-27,3690.0,4566.0,73,23.739837398373982
AUROPHARMA,2021-06-11,2021-07-26,1012.0,952.4,30,-5.889328063241109
DRREDDY,2021-06-11,2021-07-22,5460.0,5385.55,28,-1.3635531135531103
CUB,2021-06-11,2021-06-17,169.6,165.5,4,-2.417452830188676
LUPIN,2021-06-14,2021-06-18,1194.9,1157.8,4,-3.1048623315758754
NAVINFLUOR,2021-06-14,2021-07-28,3377.4,3519.0,31,4.192574169479479
DALBHARAT,2021-06-15,2021-08-05,1855.0,1950.0,36,5.121293800539084
VEDL,2021-06-16,2021-06-18,263.6,251.95,2,-4.419575113808814
HINDALCO,2021-06-16,2021-06-18,379.8,372.0,2,-2.0537124802527678
AMBUJACEM,2021-06-17,2021-08-23,347.2,390.85,45,12.57200460829494
INDUSINDBK,2021-06-17,2021-07-27,983.7,972.05,27,-1.1843041577716875
HDFCLIFE,2021-06-17,2021-07-08,699.5,682.0,15,-2.501786990707648
FEDERALBNK,2021-06-18,2021-08-20,83.9,80.0,43,-4.648390941597146
PERSISTENT,2021-06-18,2021-07-20,2540.0,2809.15,22,10.596456692913389
BAJAJ-AUTO,2021-06-18,2021-07-09,4177.45,3998.95,15,-4.272941627069145
SBIN,2021-06-18,2021-06-22,414.4,418.2,2,0.9169884169884198
ABCAPITAL,2021-06-18,2021-06-29,119.1,116.8,7,-1.9311502938706946
IEX,2021-06-18,2021-08-11,126.27,133.0,37,5.329848736833772
MANAPPURAM,2021-06-18,2021-08-11,159.85,167.9,37,5.0359712230215905
HINDUNILVR,2021-06-18,2021-07-14,2490.25,2413.8,18,-3.069972894287715
BHARTIARTL,2021-06-18,2021-07-08,540.9,525.5,14,-2.847106674061745
SYNGENE,2021-06-21,2021-08-06,588.0,620.0,33,5.442176870748299
MARUTI,2021-06-22,2021-07-15,7257.5,7305.0,17,0.6544953496383052
ASTRAL,2021-06-24,2021-08-23,1446.56,1497.04,40,3.4896582236478277
LTTS,2021-06-24,2021-12-17,2851.0,5448.0,120,91.09084531743248
CUB,2021-06-24,2021-07-14,173.3,162.7,14,-6.116560877091761
TCS,2021-06-24,2021-07-14,3370.0,3214.4,14,-4.617210682492579
APOLLOHOSP,2021-06-24,2021-09-27,3200.5,4565.0,64,42.633963443212
HAL,2021-06-29,2021-07-29,517.65,548.0,21,5.863034869120066
AUBANK,2021-06-29,2021-08-31,539.7,563.0,43,4.3172132666296
DABUR,2021-07-01,2021-10-07,590.8,615.0,67,4.096140825998654
ESCORTS,2021-07-01,2021-07-20,1202.5,1170.0,13,-2.7027027027027026
TATACHEM,2021-07-02,2021-07-28,767.0,738.05,17,-3.7744458930899674
TRENT,2021-07-02,2021-08-23,901.45,885.6,34,-1.7582783293582587
BOSCHLTD,2021-07-05,2021-07-26,15714.75,14975.6,14,-4.703542849870343
HINDALCO,2021-07-05,2021-08-18,390.35,427.2,31,9.44024593313692
GODREJPROP,2021-07-05,2021-08-20,1447.0,1483.35,32,2.5120939875604638
HAVELLS,2021-07-05,2021-09-28,1024.0,1363.6,58,33.16406249999999
NMDC,2021-07-05,2021-07-09,174.95,167.3,4,-4.372677907973694
IRCTC,2021-07-05,2021-11-04,438.04,822.0,84,87.65409551639118
SHREECEM,2021-07-06,2021-08-11,27800.0,26550.0,25,-4.496402877697841
ONGC,2021-07-06,2021-07-26,121.6,114.85,13,-5.550986842105264
IPCALAB,2021-07-06,2021-10-04,1050.0,1198.5,61,14.142857142857142
TITAN,2021-07-07,2021-07-13,1726.85,1725.0,4,-0.1071314821785279
PAGEIND,2021-07-07,2021-08-16,30820.55,30400.0,27,-1.364511665106558
INDIAMART,2021-07-09,2021-08-24,3700.0,3515.0,30,-5.0
CONCOR,2021-07-12,2021-07-15,684.2,669.5,3,-2.1484945922245022
CANFINHOME,2021-07-13,2021-08-23,551.9,501.3,27,-9.168327595578903
MCX,2021-07-13,2021-08-09,1602.8,1571.9,18,-1.9278762166209047
ABCAPITAL,2021-07-13,2021-08-20,123.55,108.45,26,-12.2217725617159
MRF,2021-07-13,2021-08-03,83185.25,80802.1,14,-2.864870875545838
SUNPHARMA,2021-07-13,2021-08-26,682.3,760.65,30,11.483218525575264
APOLLOTYRE,2021-07-13,2021-08-11,236.5,213.9,20,-9.556025369978856
ICICIBANK,2021-07-13,2021-08-25,663.65,689.9,29,3.9553981767497928
PVRINOX,2021-07-14,2021-08-23,1389.0,1307.9,26,-5.838732901367884
LTIM,2021-07-14,2021-12-07,4219.0,6565.0,98,55.60559374259303
BSOFT,2021-07-14,2021-09-06,390.0,409.95,36,5.115384615384612
BIOCON,2021-07-14,2021-08-05,400.0,383.75,15,-4.0625
WIPRO,2021-07-14,2021-09-27,561.5,654.65,50,16.58949243098842
RECLTD,2021-07-15,2021-08-23,113.18,105.56,25,-6.732638275313663
HDFCAMC,2021-07-15,2021-08-05,3096.0,2925.0,14,-5.523255813953488
HCLTECH,2021-07-15,2021-10-14,1039.05,1246.05,62,19.922044174967517
PFC,2021-07-15,2021-08-23,100.56,98.16,25,-2.3866348448687407
SHRIRAMFIN,2021-07-15,2021-07-28,1455.0,1373.45,8,-5.604810996563571
BHARTIARTL,2021-07-16,2021-10-12,540.95,686.0,59,26.81393844163045
GNFC,2021-07-16,2021-07-20,362.0,355.7,2,-1.7403314917127104
JINDALSTEL,2021-07-16,2021-08-20,405.2,375.25,23,-7.391411648568605
MCDOWELL-N,2021-07-16,2021-11-26,670.95,886.55,89,32.133541992696905
BATAINDIA,2021-07-16,2021-11-29,1618.2,1899.8,90,17.402051662340867
SAIL,2021-07-19,2021-08-18,127.1,128.4,21,1.02281667977971
M&MFIN,2021-07-19,2021-07-26,157.1,146.6,4,-6.683640992998091
TATAPOWER,2021-07-19,2021-08-23,125.65,124.9,23,-0.5968961400716275
UPL,2021-07-19,2021-08-03,835.95,789.5,10,-5.556552425384298
HDFCBANK,2021-07-19,2021-07-27,1472.6,1441.5,5,-2.111910905880749
BAJFINANCE,2021-07-19,2021-11-01,6024.95,7416.0,71,23.088158407953596
CHAMBLFERT,2021-07-19,2021-09-07,304.4,311.25,34,2.2503285151117027
RBLBANK,2021-07-19,2021-07-26,209.5,198.5,4,-5.250596658711217
GRASIM,2021-07-20,2021-08-10,1563.78,1478.82,14,-5.4329892951694
INDIACEM,2021-07-20,2021-08-10,195.0,182.35,14,-6.48717948717949
AARTIIND,2021-07-20,2021-09-08,863.0,913.5,34,5.851680185399768
IBULHSGFIN,2021-07-22,2021-08-11,275.25,247.1,14,-10.227066303360584
SBICARD,2021-07-22,2021-08-20,947.0,999.8,20,5.575501583949309
ICICIPRULI,2021-07-22,2021-09-29,638.5,670.6,47,5.027407987470638
ICICIGI,2021-07-22,2021-07-26,1546.8,1454.4,2,-5.9736229635376175
JSWSTEEL,2021-07-22,2021-08-23,722.0,684.0,21,-5.263157894736842
GNFC,2021-07-23,2021-08-17,367.3,361.8,17,-1.4974135583991288
ITC,2021-07-23,2021-08-26,212.4,204.85,23,-3.5546139359698734
COROMANDEL,2021-07-26,2021-08-11,917.0,816.8,12,-10.926935659760092
KOTAKBANK,2021-07-26,2021-07-28,1739.65,1654.95,2,-4.868795447360103
SUNTV,2021-07-26,2021-08-18,548.0,503.0,17,-8.211678832116789
TATACONSUM,2021-07-27,2021-09-24,767.45,836.9,41,9.049449475535857
DIXON,2021-07-27,2021-07-29,4500.0,4242.95,2,-5.712222222222226
VEDL,2021-07-27,2021-08-23,264.75,273.7,18,3.3805476864966906
LUPIN,2021-07-27,2021-08-11,1115.0,1051.0,11,-5.739910313901345
BEL,2021-07-28,2021-08-09,63.2,56.9,8,-9.968354430379753
SBIN,2021-07-29,2021-08-20,443.1,406.0,15,-8.37282780410743
COLPAL,2021-07-29,2021-08-05,1706.95,1656.0,5,-2.984856029760687
CANBK,2021-07-29,2021-11-26,150.65,202.45,81,34.3843345502821
POWERGRID,2021-07-29,2021-09-02,125.7,131.85,24,4.8926014319809
IDFCFIRSTB,2021-07-29,2021-08-04,51.9,49.55,4,-4.527938342967248
MGL,2021-07-29,2021-08-20,1107.95,1099.95,15,-0.7220542443251049
VOLTAS,2021-07-30,2021-08-12,1060.0,989.0,9,-6.69811320754717
M&M,2021-07-30,2021-09-06,744.8,756.15,25,1.5238990332975326
BOSCHLTD,2021-07-30,2021-08-05,14940.0,14865.0,4,-0.5020080321285141
ESCORTS,2021-07-30,2022-01-19,1187.2,1863.9,118,56.999663072776286
IOC,2021-07-30,2021-11-26,68.87,80.73,80,17.220850878466674
TITAN,2021-08-02,2021-11-29,1776.0,2330.2,80,31.204954954954943
EICHERMOT,2021-08-02,2021-08-26,2603.5,2582.0,17,-0.8258114077203764
BPCL,2021-08-02,2021-09-17,459.15,435.0,32,-5.259719046063373
BRITANNIA,2021-08-02,2021-09-24,3505.05,4049.3,37,15.527595897348112
ADANIENT,2021-08-03,2021-09-20,1443.0,1419.0,32,-1.6632016632016633
BHARATFORG,2021-08-03,2021-08-23,808.65,723.55,13,-10.523712360106353
KOTAKBANK,2021-08-04,2021-11-30,1752.1,1957.0,79,11.694537982991845
GODREJCP,2021-08-04,2021-09-23,985.95,1058.0,34,7.307672802880466
PETRONET,2021-08-04,2021-08-09,215.7,213.0,3,-1.2517385257301754
HDFCBANK,2021-08-05,2021-11-04,1483.8,1594.6,62,7.4673136541312815
RELIANCE,2021-08-06,2021-10-29,2090.5,2540.25,57,21.51399186797417
COALINDIA,2021-08-09,2021-08-20,143.5,135.3,8,-5.714285714285706
PNB,2021-08-09,2021-08-18,38.85,36.15,7,-6.949806949806956
HAL,2021-08-10,2021-10-01,553.0,668.3,36,20.849909584086788
NAUKRI,2021-08-10,2021-10-25,5450.0,5920.0,51,8.623853211009175
LT,2021-08-13,2021-11-26,1666.0,1782.0,70,6.962785114045618
GRASIM,2021-08-13,2021-08-20,1491.17,1471.15,4,-1.3425699283113248
ONGC,2021-08-16,2021-08-20,115.3,109.85,3,-4.726799653078928
MARUTI,2021-08-16,2021-08-23,6820.35,6835.0,4,0.21479836078793077
PETRONET,2021-08-17,2021-11-26,223.5,221.1,68,-1.0738255033557071
BANDHANBNK,2021-08-17,2021-08-20,293.0,276.45,2,-5.6484641638225295
CUB,2021-08-18,2021-08-25,149.35,146.7,4,-1.7743555406762677
GMRINFRA,2021-08-18,2021-11-29,29.0,37.5,68,29.310344827586203
INDIGO,2021-08-20,2021-10-07,1653.0,1947.0,33,17.78584392014519
NTPC,2021-08-20,2021-11-01,114.35,134.15,49,17.31526016615655
ASIANPAINT,2021-08-20,2021-10-01,3105.05,3180.95,29,2.4444050820437555
PIDILITIND,2021-08-20,2021-10-25,2255.0,2290.95,44,1.5942350332594155
ATUL,2021-08-23,2021-10-29,9100.0,9130.0,47,0.32967032967032966
BAJAJ-AUTO,2021-08-23,2021-11-02,3667.0,3748.95,49,2.2347968366512085
ONGC,2021-08-23,2021-11-01,111.95,153.05,48,36.71281822242073
HDFCAMC,2021-08-23,2021-09-29,2899.0,2905.0,26,0.2069679199724043
PERSISTENT,2021-08-24,2022-01-18,3212.6,4338.9,101,35.05883085351428
ICICIGI,2021-08-24,2021-10-08,1468.0,1530.0,32,4.223433242506812
ADANIPORTS,2021-08-25,2021-10-06,721.1,722.85,29,0.2426847871307724
SBICARD,2021-08-25,2021-09-21,1067.0,1063.1,18,-0.36551077788192043
SYNGENE,2021-08-26,2021-10-01,616.0,615.6,25,-0.06493506493506125
CUB,2021-08-27,2021-09-22,148.25,149.8,17,1.0455311973018626
POLYCAB,2021-08-27,2021-10-29,1892.15,2272.0,43,20.07504690431519
ULTRACEMCO,2021-08-27,2021-09-23,7573.2,7628.0,18,0.723604288807904
NAVINFLUOR,2021-08-27,2021-09-27,3875.95,3804.0,20,-1.8563190959635656
ACC,2021-08-27,2021-09-23,2341.35,2350.0,18,0.3694449783244748
DIVISLAB,2021-08-30,2021-09-27,5119.0,4943.0,19,-3.438171517874585
AXISBANK,2021-08-30,2021-11-08,782.95,752.5,47,-3.889137237371485
MARICO,2021-08-31,2021-09-30,545.5,547.0,21,0.27497708524289644
PAGEIND,2021-09-01,2022-02-07,31954.0,40649.15,108,27.21146022407211
CIPLA,2021-09-01,2021-10-12,921.0,916.45,28,-0.49402823018457703
INDUSINDBK,2021-09-01,2021-11-08,998.1,1063.95,45,6.597535317102497
MGL,2021-09-02,2021-09-23,1184.5,1109.0,14,-6.373997467285775
DRREDDY,2021-09-02,2021-10-21,4849.65,4661.0,33,-3.88997144123802
MARUTI,2021-09-03,2021-12-07,6869.0,7190.0,63,4.67316931139904
GRASIM,2021-09-06,2021-11-29,1524.44,1675.34,56,9.898716905880182
PFC,2021-09-08,2021-11-04,105.76,109.76,39,3.7821482602118
UPL,2021-09-08,2021-09-20,761.05,702.6,7,-7.680178700479592
ASTRAL,2021-09-13,2021-10-25,1603.5,1597.31,29,-0.3860305581540414
BSOFT,2021-09-15,2022-01-21,430.4,489.0,89,13.615241635687738
PNB,2021-09-15,2021-11-16,38.75,41.0,42,5.806451612903226
SBIN,2021-09-15,2021-11-24,444.2,490.0,47,10.31067086897794
TATACHEM,2021-09-15,2021-11-03,862.0,896.0,34,3.944315545243619
LUPIN,2021-09-16,2021-09-24,960.0,926.35,6,-3.505208333333331
AARTIIND,2021-09-17,2021-10-28,924.0,984.0,28,6.493506493506493
CUMMINSIND,2021-09-17,2021-09-27,1010.9,995.0,6,-1.5728558710060319
PEL,2021-09-17,2021-10-26,2618.35,2667.25,26,1.8675883667195026
MANAPPURAM,2021-09-17,2021-11-22,163.9,179.0,43,9.212934716290418
MUTHOOTFIN,2021-09-17,2021-11-29,1512.0,1430.0,48,-5.423280423280423
TATACOMM,2021-09-20,2021-10-27,1400.0,1332.0,26,-4.857142857142857
HINDUNILVR,2021-09-20,2021-09-29,2800.4,2688.0,7,-4.0137123268104595
COROMANDEL,2021-09-23,2021-10-27,807.5,802.8,23,-0.5820433436532564
M&M,2021-09-24,2021-11-03,780.55,852.25,27,9.185830504131708
BERGEPAINT,2021-09-24,2021-10-01,701.58,675.83,5,-3.6702870663359843
MRF,2021-09-27,2021-10-29,81737.35,77400.0,23,-5.306448031407925
ASHOKLEY,2021-09-27,2021-11-26,130.45,125.45,41,-3.83288616328094
HEROMOTOCO,2021-09-27,2021-10-06,2911.5,2792.4,7,-4.090674909840286
RECLTD,2021-09-28,2021-11-15,119.55,106.61,32,-10.82392304475115
ICICIBANK,2021-09-28,2021-10-06,715.9,689.25,6,-3.722586953485121
SUNPHARMA,2021-09-28,2021-11-03,789.95,789.0,25,-0.12026077599848665
BANDHANBNK,2021-09-29,2021-10-28,284.0,297.7,20,4.823943661971827
ZYDUSLIFE,2021-09-29,2021-10-13,546.0,546.0,10,0.0
CUB,2021-09-29,2021-11-15,157.6,162.35,31,3.013959390862944
TORNTPHARM,2021-09-29,2021-10-27,1565.5,1406.0,19,-10.188438198658575
JUBLFOOD,2021-09-29,2021-10-25,813.12,727.24,17,-10.561786698150334
UBL,2021-09-30,2021-11-24,1576.7,1571.0,36,-0.36151455571764096
TRENT,2021-09-30,2021-10-28,1031.0,1008.0,19,-2.2308438409311346
TVSMOTOR,2021-10-01,2021-11-30,568.7,685.0,39,20.450149463689105
SIEMENS,2021-10-04,2021-11-26,2228.45,2114.75,36,-5.102201081469175
AUROPHARMA,2021-10-04,2021-10-25,732.4,685.2,14,-6.444565811032215
MARICO,2021-10-06,2021-11-22,563.9,541.75,30,-3.9280014186912537
VOLTAS,2021-10-06,2021-10-28,1228.45,1156.0,15,-5.897675933086413
VEDL,2021-10-06,2021-11-08,289.9,325.4,21,12.245601931700588
GRANULES,2021-10-06,2021-10-28,321.75,310.0,15,-3.651903651903652
EXIDEIND,2021-10-07,2021-10-28,184.7,171.95,14,-6.903086085544126
TCS,2021-10-11,2021-10-14,3687.95,3614.0,3,-2.005179028999846
BHARATFORG,2021-10-11,2021-11-26,793.0,699.0,31,-11.853720050441362
BEL,2021-10-11,2021-12-02,69.4,68.53,35,-1.2536023054755108
INFY,2021-10-11,2021-11-09,1693.25,1742.0,19,2.8790786948176583
EICHERMOT,2021-10-12,2021-10-19,2905.0,2699.0,4,-7.091222030981068
ABB,2021-10-13,2022-02-14,1810.0,2083.8,84,15.12707182320443
ADANIPORTS,2021-10-13,2021-11-04,762.0,713.2,15,-6.404199475065611
CONCOR,2021-10-13,2021-10-19,689.0,667.85,3,-3.0696661828737266
BERGEPAINT,2021-10-14,2021-10-21,699.62,626.17,4,-10.498556359166411
OFSS,2021-10-14,2021-10-29,4767.0,4405.0,10,-7.593874554226978
RAMCOCEM,2021-10-14,2021-10-25,992.45,941.9,6,-5.093455589702259
ACC,2021-10-18,2021-11-29,2305.0,2285.0,28,-0.8676789587852495
GUJGASLTD,2021-10-18,2021-10-25,666.75,585.0,5,-12.260967379077616
GODREJCP,2021-10-18,2021-10-25,1017.5,941.05,5,-7.5135135135135185
ICICIPRULI,2021-10-18,2021-10-20,674.0,634.0,2,-5.934718100890208
AMBUJACEM,2021-10-19,2021-10-22,389.5,376.45,3,-3.3504492939666264
MFSL,2021-10-19,2021-10-22,979.0,971.7,3,-0.7456588355464713
ULTRACEMCO,2021-10-20,2021-10-22,7139.0,7158.0,2,0.2661437176075081
NESTLEIND,2021-10-20,2021-10-22,1926.96,1895.33,2,-1.641445593058502
HEROMOTOCO,2021-10-21,2021-10-25,2763.0,2685.15,2,-2.817589576547228
RBLBANK,2021-10-22,2021-11-29,200.35,181.45,24,-9.433491390067385
TATACONSUM,2021-10-22,2021-11-26,792.0,770.7,23,-2.6893939393939337
NESTLEIND,2021-10-26,2021-11-02,1920.1,1878.0,5,-2.1925941357220933
SHREECEM,2021-10-29,2021-11-22,28600.0,26700.0,14,-6.643356643356643
ULTRACEMCO,2021-10-29,2021-11-26,7650.0,7398.45,18,-3.2882352941176496
BHARTIARTL,2021-11-01,2021-12-13,714.2,704.95,28,-1.295155418650238
M&MFIN,2021-11-01,2021-11-22,190.5,170.4,13,-10.551181102362202
GRANULES,2021-11-10,2021-11-16,323.55,297.0,4,-8.20584144645341
CIPLA,2021-11-15,2021-12-16,936.5,882.0,22,-5.819540843566471
SBILIFE,2021-11-17,2021-11-29,1180.05,1135.0,7,-3.8176348459810985
JSWSTEEL,2021-11-18,2021-11-26,651.4,630.0,5,-3.285231808412646
ICICIGI,2021-11-18,2021-11-23,1508.25,1455.25,2,-3.5140062986905356
MRF,2021-11-22,2021-11-29,75800.0,73749.0,5,-2.7058047493403694
HEROMOTOCO,2021-11-22,2021-11-26,2640.0,2526.8,4,-4.287878787878781
SRF,2021-11-23,2022-02-03,2194.0,2444.1,51,11.399270738377389
ICICIGI,2021-11-24,2021-12-01,1484.85,1440.55,5,-2.9834663434016875
HDFCLIFE,2021-11-24,2021-12-20,685.35,634.6,18,-7.404975559932881
INFY,2021-11-24,2021-12-06,1690.2,1695.0,8,0.28399006034788515
TORNTPHARM,2021-11-25,2022-01-21,1495.5,1580.95,41,5.713808090939488
DRREDDY,2021-11-26,2021-12-01,4743.0,4605.3,3,-2.9032258064516094
HCLTECH,2021-11-29,2022-01-19,1134.0,1201.0,37,5.908289241622574
TCS,2021-11-29,2022-02-07,3502.0,3781.8,49,7.989720159908628
BIOCON,2021-11-30,2022-02-28,358.6,349.6,63,-2.5097601784718346
TECHM,2021-11-30,2022-01-17,1550.95,1721.6,34,11.002933685805464
MARICO,2021-12-01,2021-12-06,525.4,518.85,3,-1.2466692044156746
AARTIIND,2021-12-02,2022-01-31,977.0,989.0,41,1.2282497441146365
HAVELLS,2021-12-07,2022-01-17,1408.95,1332.0,29,-5.4615138933248195
ASIANPAINT,2021-12-10,2022-01-24,3279.0,3148.7,31,-3.9737724916133024
GODREJCP,2021-12-13,2022-01-11,927.05,916.3,21,-1.1595922550024271
IGL,2021-12-15,2021-12-30,494.75,468.2,11,-5.366346639717031
SUNPHARMA,2021-12-15,2022-01-21,777.0,808.7,27,4.079794079794086
DRREDDY,2021-12-17,2022-01-19,4512.0,4677.0,23,3.6569148936170213
PETRONET,2021-12-17,2021-12-21,215.95,211.6,2,-2.014355174808981
INFY,2021-12-17,2022-01-21,1823.0,1788.0,25,-1.9199122325836533
HINDUNILVR,2021-12-17,2021-12-22,2230.0,2279.95,3,2.239910313901337
RELIANCE,2021-12-17,2022-01-28,2343.4,2336.0,29,-0.3157804898864936
COROMANDEL,2021-12-20,2022-06-14,719.0,946.95,120,31.703755215577196
SHREECEM,2021-12-20,2022-01-21,25341.65,24900.0,24,-1.7427831258027846
LT,2021-12-20,2022-02-07,1799.0,1877.1,34,4.341300722623675
HDFCBANK,2021-12-20,2021-12-22,1424.8,1447.5,2,1.593206064008987
ZYDUSLIFE,2021-12-22,2022-01-18,467.0,422.05,19,-9.625267665952888
AUROPHARMA,2021-12-22,2022-01-17,717.5,686.0,18,-4.390243902439024
BALKRISIND,2021-12-22,2022-01-27,2137.05,2246.0,25,5.098149317985063
MUTHOOTFIN,2021-12-23,2022-01-21,1492.0,1437.7,21,-3.639410187667557
ULTRACEMCO,2021-12-24,2022-01-24,7238.0,7128.95,21,-1.5066316662061368
ABBOTINDIA,2021-12-27,2022-01-14,18746.1,17682.0,14,-5.6763806871829265
EICHERMOT,2021-12-29,2022-01-27,2565.0,2660.0,20,3.7037037037037033
POWERGRID,2021-12-30,2022-02-15,153.11,152.78,32,-0.2155313173535448
NTPC,2021-12-30,2022-02-17,126.45,132.65,34,4.90312376433373
GAIL,2021-12-30,2022-02-21,85.3,90.87,36,6.529894490035179
BERGEPAINT,2021-12-31,2022-01-20,644.29,617.92,14,-4.092877430970527
RAMCOCEM,2021-12-31,2022-01-21,1007.0,940.15,15,-6.638530287984114
MARICO,2022-01-04,2022-01-19,502.95,495.2,11,-1.5409086390297246
JSWSTEEL,2022-01-05,2022-01-24,693.0,620.1,13,-10.519480519480515
M&M,2022-01-07,2022-02-07,829.0,829.0,20,0.0
HDFCAMC,2022-01-10,2022-01-24,2524.0,2253.0,10,-10.736925515055468
HAL,2022-01-10,2022-02-18,647.03,672.0,28,3.859171908566841
SBICARD,2022-01-10,2022-01-18,905.0,878.9,6,-2.8839779005524884
MCDOWELL-N,2022-01-12,2022-02-07,913.2,853.75,17,-6.5100744634253225
UBL,2022-01-12,2022-02-21,1650.0,1529.3,27,-7.315151515151517
SAIL,2022-01-13,2022-01-21,107.95,102.7,6,-4.863362667901806
DIVISLAB,2022-01-13,2022-01-20,4589.0,4350.1,5,-5.205927217258654
MCX,2022-01-14,2022-01-21,1626.4,1533.3,5,-5.724299065420569
MGL,2022-01-18,2022-01-24,866.85,816.0,4,-5.8660667935629025
SHRIRAMFIN,2022-01-18,2022-01-24,1205.0,1151.0,4,-4.481327800829876
PEL,2022-01-18,2022-01-21,2573.95,2530.0,3,-1.7074923755317633
IBULHSGFIN,2022-01-18,2022-01-27,220.9,208.3,6,-5.7039384336803955
ICICIGI,2022-01-18,2022-01-24,1455.0,1331.0,4,-8.52233676975945
TATACONSUM,2022-01-18,2022-01-24,734.95,691.5,4,-5.911966800462622
CROMPTON,2022-01-18,2022-01-21,451.0,420.95,3,-6.662971175166299
ITC,2022-01-18,2022-01-24,220.35,211.7,4,-3.9255729521216276
SIEMENS,2022-01-19,2022-04-26,2385.0,2274.0,64,-4.654088050314465
LUPIN,2022-01-19,2022-02-03,959.75,896.55,10,-6.585048189632721
MANAPPURAM,2022-01-19,2022-01-21,164.8,155.7,2,-5.521844660194188
IEX,2022-01-19,2022-01-24,260.85,239.1,3,-8.338125359401966
HINDUNILVR,2022-01-20,2022-01-24,2265.0,2282.0,2,0.7505518763796909
BHARTIARTL,2022-01-21,2022-02-24,694.4,670.0,23,-3.5138248847926232
RECLTD,2022-01-21,2022-02-18,99.86,94.8,19,-5.067093931504108
BRITANNIA,2022-01-24,2022-01-28,3509.0,3529.0,3,0.5699629524080935
BPCL,2022-01-24,2022-02-07,373.1,372.3,9,-0.2144197266148516
PETRONET,2022-01-24,2022-01-27,208.85,211.75,2,1.3885563801771634
COLPAL,2022-01-24,2022-01-27,1400.0,1391.0,2,-0.6428571428571428
SUNPHARMA,2022-01-24,2022-02-21,797.0,845.0,19,6.022584692597239
HDFCLIFE,2022-01-24,2022-01-28,628.5,621.4,3,-1.1296738265712047
HINDUNILVR,2022-01-25,2022-01-28,2328.3,2285.45,2,-1.840398574066931
HDFCBANK,2022-01-25,2022-01-28,1490.25,1464.45,2,-1.731253145445392
BAJAJ-AUTO,2022-01-27,2022-03-03,3504.0,3302.0,24,-5.764840182648402
PFC,2022-01-31,2022-02-03,97.24,97.52,3,0.28794734677087735
EXIDEIND,2022-01-31,2022-02-07,173.25,167.0,5,-3.6075036075036073
HINDALCO,2022-02-01,2022-04-12,510.6,543.1,48,6.3650607128868
NMDC,2022-02-01,2022-02-23,145.3,142.4,16,-1.9958706125258123
ITC,2022-02-01,2022-02-22,227.9,214.5,15,-5.879771829749893
SBILIFE,2022-02-01,2022-02-03,1217.0,1184.95,2,-2.6335250616269477
ICICIBANK,2022-02-01,2022-02-21,811.45,754.85,14,-6.975167909298173
KOTAKBANK,2022-02-02,2022-02-14,1942.85,1742.45,8,-10.314743804205156
CUB,2022-02-07,2022-02-15,139.7,133.6,6,-4.366499642090189
IOC,2022-02-09,2022-02-22,80.8,78.07,9,-3.3787128712871337
COALINDIA,2022-02-09,2022-02-24,168.95,150.0,11,-11.216336194140272
ONGC,2022-02-10,2022-04-29,169.9,160.4,52,-5.591524426133019
PETRONET,2022-02-11,2022-02-24,223.4,190.7,9,-14.637421665174582
HEROMOTOCO,2022-02-11,2022-03-02,2717.05,2432.0,12,-10.491157689405796
PFC,2022-02-11,2022-02-25,97.12,86.84,10,-10.584843492586492
ADANIPORTS,2022-02-16,2022-02-24,737.25,656.9,6,-10.898609698202783
VOLTAS,2022-02-18,2022-05-02,1254.0,1228.0,47,-2.073365231259968
SHREECEM,2022-02-21,2022-03-07,24660.0,22050.0,9,-10.583941605839415
ASIANPAINT,2022-02-22,2022-03-03,3215.0,2871.75,6,-10.67651632970451
BAJFINANCE,2022-02-22,2022-02-24,7011.0,6605.95,2,-5.777349878761949
INFY,2022-02-22,2022-04-11,1733.0,1770.0,32,2.1350259665320253
TORNTPHARM,2022-02-24,2022-05-06,1345.1,1321.0,46,-1.7916883503085206
COLPAL,2022-02-24,2022-06-15,1392.0,1515.0,74,8.836206896551724
RELIANCE,2022-02-24,2022-03-08,2251.85,2235.05,7,-0.7460532451095645
DRREDDY,2022-02-24,2022-02-28,4083.0,4064.95,2,-0.44207690423708507
HAVELLS,2022-02-24,2022-03-03,1146.0,1101.0,4,-3.926701570680628
ESCORTS,2022-02-24,2022-03-28,1785.0,1699.0,20,-4.817927170868348
TITAN,2022-02-24,2022-04-07,2399.0,2457.0,28,2.417674030846186
HINDUNILVR,2022-02-24,2022-02-28,2169.05,2175.55,2,0.2996703626011387
HDFCBANK,2022-02-24,2022-03-02,1410.2,1378.8,3,-2.226634519926258
CIPLA,2022-02-25,2022-04-05,925.35,1018.0,25,10.012427730048087
BAJAJFINSV,2022-02-25,2022-03-08,1576.0,1445.0,6,-8.312182741116752
BAJFINANCE,2022-02-25,2022-03-07,6968.8,6144.0,5,-11.835610148088625
DABUR,2022-02-28,2022-03-07,564.6,505.85,4,-10.405596882748847
MARICO,2022-02-28,2022-06-09,509.5,494.65,68,-2.914622178606481
HCLTECH,2022-03-03,2022-04-12,1137.15,1131.0,27,-0.5408257485819893
WIPRO,2022-03-04,2022-04-11,573.55,571.45,25,-0.3661407026414278
TECHM,2022-03-04,2022-04-11,1454.95,1446.0,25,-0.6151414137942915
CUMMINSIND,2022-03-09,2022-04-19,998.0,1061.65,26,6.377755511022053
ICICIGI,2022-03-15,2022-04-29,1212.0,1284.75,30,6.002475247524752
PAGEIND,2022-03-16,2022-05-10,42120.0,40700.0,35,-3.3713200379867048
NESTLEIND,2022-03-17,2022-05-05,1830.0,1756.51,31,-4.0158469945355195
POWERGRID,2022-03-30,2022-05-27,162.68,168.26,39,3.430046717482164
RECLTD,2022-04-01,2022-04-28,95.25,95.55,17,0.31496062992125684
PNB,2022-04-07,2022-04-28,37.45,35.5,13,-5.206942590120168
PIDILITIND,2022-04-11,2022-05-09,2447.05,2206.35,17,-9.836333544471925
LTIM,2022-04-11,2022-04-19,6063.0,5394.4,4,-11.027544120072577
IGL,2022-04-13,2022-04-29,389.7,352.9,10,-9.443161406209908
TATASTEEL,2022-04-18,2022-04-25,134.02,122.34,5,-8.715117146694528
BIOCON,2022-04-18,2022-05-12,343.05,327.95,17,-4.401690715639126
NAVINFLUOR,2022-04-18,2022-05-17,3964.0,3875.0,20,-2.245206861755802
TVSMOTOR,2022-04-18,2022-05-12,657.8,603.95,17,-8.186378838552738
MCDOWELL-N,2022-04-18,2022-04-25,890.15,847.35,5,-4.808178396899394
BAJAJ-AUTO,2022-04-18,2022-06-17,3699.95,3615.8,43,-2.274355058852137
BOSCHLTD,2022-04-19,2022-05-09,14051.15,13600.0,13,-3.210769225294724
TATACHEM,2022-04-19,2022-05-25,962.4,921.0,25,-4.301745635910223
LAURUSLABS,2022-04-19,2022-04-28,588.2,566.0,7,-3.7742264535872225
APOLLOHOSP,2022-04-19,2022-05-02,4796.6,4303.0,9,-10.290622524288045
BALKRISIND,2022-04-19,2022-05-12,2080.0,1908.0,16,-8.269230769230768
RELIANCE,2022-04-19,2022-05-11,2626.25,2451.0,15,-6.673012851023322
DIVISLAB,2022-04-19,2022-05-06,4395.05,4163.95,12,-5.2581881889853435
BPCL,2022-04-19,2022-05-11,374.0,347.0,15,-7.219251336898395
MRF,2022-04-19,2022-06-13,66000.0,68601.0,38,3.940909090909091
SBIN,2022-04-19,2022-05-04,506.6,478.8,10,-5.4875641531780515
LUPIN,2022-04-20,2022-05-04,777.25,727.9,9,-6.349308459311678
MARUTI,2022-04-22,2022-05-12,7900.0,7270.0,13,-7.974683544303797
ITC,2022-04-25,2022-06-16,255.5,260.4,37,1.9178082191780732
PETRONET,2022-04-25,2022-06-17,203.9,203.7,38,-0.09808729769495686
BRITANNIA,2022-04-25,2022-06-15,3310.0,3394.05,36,2.5392749244713047
TITAN,2022-04-26,2022-05-04,2551.0,2280.0,5,-10.623284986279891
ASIANPAINT,2022-04-28,2022-05-19,3242.8,3040.0,14,-6.25385469347478
UPL,2022-04-28,2022-05-12,826.05,768.9,9,-6.918467405120753
BERGEPAINT,2022-04-28,2022-05-04,608.33,573.58,3,-5.712360067726398
NAUKRI,2022-04-28,2022-05-02,4664.0,4523.5,2,-3.0124356775300174
DEEPAKNTR,2022-04-28,2022-05-06,2290.0,2037.0,5,-11.048034934497815
DABUR,2022-04-29,2022-05-06,557.25,513.9,4,-7.779273216689102
BHARTIARTL,2022-04-29,2022-05-04,740.0,723.3,2,-2.256756756756763
SUNPHARMA,2022-04-29,2022-05-11,930.0,856.25,7,-7.93010752688172
INDUSINDBK,2022-04-29,2022-05-12,977.5,871.0,8,-10.895140664961637
ULTRACEMCO,2022-04-29,2022-05-05,6615.0,6352.0,3,-3.9758125472411185
RAMCOCEM,2022-04-29,2022-05-04,796.2,754.4,2,-5.249937201708122
LICHSGFIN,2022-05-04,2022-05-11,369.5,339.45,5,-8.13261163734777
KOTAKBANK,2022-05-04,2022-06-13,1775.9,1738.0,28,-2.134129173939979
EXIDEIND,2022-05-04,2022-05-06,152.6,147.0,2,-3.6697247706421985
TATACONSUM,2022-05-04,2022-05-11,802.15,745.65,5,-7.043570404537805
CROMPTON,2022-05-04,2022-05-09,368.0,357.05,3,-2.9755434782608665
PFC,2022-05-04,2022-05-09,91.36,89.76,3,-1.7513134851138292
SHREECEM,2022-05-05,2022-05-11,25150.0,23499.0,4,-6.564612326043738
OFSS,2022-05-06,2022-05-16,3515.4,3158.0,6,-10.166695112931674
GODREJCP,2022-05-12,2022-06-07,767.35,749.25,18,-2.3587671857692083
ESCORTS,2022-05-13,2022-06-16,1557.05,1549.2,24,-0.5041585048649632
ABBOTINDIA,2022-05-17,2022-08-11,17544.0,18899.0,61,7.7234382124943
CIPLA,2022-05-20,2022-06-17,976.0,918.0,20,-5.942622950819672
M&M,2022-05-23,2022-06-20,941.0,983.5,20,4.5164718384697125
SBILIFE,2022-05-25,2022-06-17,1094.05,1080.85,17,-1.2065262099538454
HDFCBANK,2022-05-26,2022-06-15,1369.5,1308.45,14,-4.457831325301202
CUMMINSIND,2022-05-27,2022-06-16,1016.55,977.0,14,-3.8906103979145104
ICICIPRULI,2022-05-31,2022-06-21,521.75,503.0,15,-3.5936751317680886
RECLTD,2022-06-06,2022-06-16,86.7,83.89,8,-3.241061130334489
GLENMARK,2022-06-07,2022-06-16,382.0,364.0,7,-4.712041884816754
MGL,2022-06-13,2022-06-17,741.8,699.0,4,-5.769749258560253
SBIN,2022-06-13,2022-06-15,446.15,450.0,2,0.8629384736075363
PFC,2022-06-13,2022-06-15,83.92,81.44,2,-2.9551954242135414
SIEMENS,2022-06-14,2022-06-17,2400.0,2337.9,3,-2.587499999999996
INDUSTOWER,2022-06-15,2022-08-03,206.2,206.4,35,0.09699321047527501
DRREDDY,2022-06-17,2022-07-29,4156.35,4091.0,30,-1.5722929974617237
ALKEM,2022-06-20,2022-06-28,3124.0,2957.15,6,-5.340909090909088
DABUR,2022-06-20,2022-09-08,501.65,570.05,55,13.63500448519884
LUPIN,2022-06-21,2022-09-02,630.7,653.75,50,3.654669414935778
EICHERMOT,2022-06-21,2022-10-11,2700.0,3401.3,76,25.974074074074082
SIEMENS,2022-06-22,2022-09-26,2277.75,2762.0,65,21.26001536604105
TVSMOTOR,2022-06-23,2022-11-21,772.0,1046.75,101,35.589378238341965
MARUTI,2022-06-23,2022-08-24,8300.3,8683.0,42,4.610676722528111
ATUL,2022-06-24,2022-09-30,7909.9,8983.35,67,13.5709680274087
JSWSTEEL,2022-06-27,2022-09-26,571.0,647.95,62,13.476357267950972
CUMMINSIND,2022-06-29,2022-12-22,1028.0,1453.6,120,41.40077821011673
MFSL,2022-06-29,2022-08-23,771.2,799.95,37,3.7279564315352696
COROMANDEL,2022-06-30,2022-09-19,956.0,1014.65,54,6.1349372384937215
BERGEPAINT,2022-07-01,2022-09-07,485.83,549.96,45,13.200090566659131
ITC,2022-07-01,2022-11-21,284.75,337.2,95,18.419666374012287
NAVINFLUOR,2022-07-01,2022-08-29,3675.0,4231.9,39,15.15374149659863
VOLTAS,2022-07-01,2022-08-05,956.0,970.05,25,1.4696652719665224
CIPLA,2022-07-01,2022-11-17,948.0,1120.0,93,18.143459915611814
OBEROIRLTY,2022-07-04,2022-09-26,765.3,916.0,57,19.69162419966027
DALBHARAT,2022-07-04,2022-10-04,1315.0,1598.25,63,21.53992395437262
COLPAL,2022-07-06,2022-09-20,1569.55,1593.75,51,1.5418432034659646
MARICO,2022-07-06,2022-10-13,500.5,516.55,67,3.206793206793198
TATACONSUM,2022-07-06,2022-08-11,748.1,773.5,25,3.395268012297818
PNB,2022-07-07,2022-10-11,31.0,35.7,64,15.161290322580653
BHARATFORG,2022-07-07,2022-09-28,664.45,694.5,56,4.522537436977944
CHOLAFIN,2022-07-08,2022-09-23,631.0,739.35,52,17.17115689381934
BEL,2022-07-08,2022-09-26,78.58,100.8,53,28.27691524560957
BHARTIARTL,2022-07-11,2022-07-15,659.6,651.0,4,-1.3038204972710767
DIVISLAB,2022-07-11,2022-08-22,3729.0,3578.2,28,-4.043979619200863
HCLTECH,2022-07-11,2022-07-13,941.0,918.4,2,-2.4017003188097794
ALKEM,2022-07-12,2022-08-08,3085.0,2995.0,19,-2.9173419773095626
OFSS,2022-07-12,2022-08-29,3155.35,3157.85,32,0.07923051325526488
METROPOLIS,2022-07-13,2022-08-19,1418.0,1410.5,25,-0.5289139633286318
LTTS,2022-07-14,2022-09-07,3051.2,3609.0,36,18.28133193497641
POWERGRID,2022-07-15,2022-09-23,156.98,151.5,47,-3.4908905593069117
PEL,2022-07-18,2022-08-30,1697.5,1076.05,29,-36.609720176730484
INFY,2022-07-18,2022-08-26,1490.7,1526.8,27,2.421681089421071
TECHM,2022-07-18,2022-09-29,1010.0,1010.0,50,0.0
ABCAPITAL,2022-07-18,2022-12-23,95.25,143.3,108,50.4461942257218
WIPRO,2022-07-18,2022-08-29,404.9,405.2,28,0.07409236848604875
HAL,2022-07-18,2022-09-30,889.5,1177.5,51,32.377740303541316
LTIM,2022-07-18,2022-08-26,4221.0,4668.0,27,10.589907604832979
POLYCAB,2022-07-19,2022-11-16,2245.0,2615.0,80,16.481069042316257
IGL,2022-07-19,2022-07-27,370.95,352.6,6,-4.946758323224145
TORNTPHARM,2022-07-19,2022-09-06,1494.15,1503.9,32,0.6525449252083123
PVRINOX,2022-07-21,2022-08-19,1915.0,1807.9,19,-5.592689295039159
SUNTV,2022-07-21,2022-11-17,436.6,481.45,79,10.272560696289501
GMRINFRA,2022-07-21,2022-08-22,35.45,34.05,20,-3.9492242595204665
MGL,2022-07-22,2022-07-26,750.0,729.4,2,-2.7466666666666697
SUNPHARMA,2022-07-27,2022-08-22,895.25,881.0,16,-1.5917341524713766
ASTRAL,2022-07-27,2022-09-27,1346.25,1620.0,41,20.334261838440113
ASHOKLEY,2022-07-28,2022-09-26,145.7,154.05,39,5.7309540150995355
HINDPETRO,2022-07-29,2022-09-07,240.0,243.85,25,1.604166666666664
BOSCHLTD,2022-07-29,2022-09-20,17063.0,16855.0,34,-1.2190118970872648
JUBLFOOD,2022-08-01,2022-10-21,558.0,591.35,55,5.976702508960577
HEROMOTOCO,2022-08-01,2022-09-16,2838.0,2687.5,31,-5.303030303030303
BALKRISIND,2022-08-01,2022-08-22,2380.0,2124.9,13,-10.718487394957979
HDFCAMC,2022-08-01,2022-09-06,2000.7,1972.2,23,-1.4245014245014245
AUROPHARMA,2022-08-02,2022-09-02,572.25,534.2,20,-6.649191786806457
GODREJCP,2022-08-03,2022-09-27,862.0,884.5,36,2.6102088167053363
HAVELLS,2022-08-03,2022-09-20,1281.0,1319.1,31,2.974238875878213
IPCALAB,2022-08-04,2022-08-17,1024.0,915.0,7,-10.64453125
TATAPOWER,2022-08-04,2022-09-26,227.4,215.25,34,-5.343007915567285
IOC,2022-08-05,2022-09-06,73.0,70.7,19,-3.1506849315068455
GRANULES,2022-08-10,2022-09-07,301.8,310.4,18,2.849569251159697
GLENMARK,2022-08-11,2023-01-25,387.0,398.5,114,2.9715762273901807
NTPC,2022-08-12,2022-09-26,158.95,158.6,29,-0.22019502988360765
HDFCLIFE,2022-08-16,2022-09-22,571.0,545.55,26,-4.4570928196147195
AMBUJACEM,2022-08-16,2022-10-11,397.6,499.5,38,25.628772635814883
CONCOR,2022-08-16,2022-09-06,720.0,669.4,14,-7.027777777777781
BHARTIARTL,2022-08-17,2022-12-21,723.6,815.0,86,12.631288004422329
UBL,2022-08-18,2022-09-22,1706.45,1639.1,24,-3.9467901198394406
KOTAKBANK,2022-08-18,2022-09-23,1911.05,1858.8,25,-2.7340990554930533
CANBK,2022-08-19,2022-09-23,230.0,229.2,24,-0.34782608695652667
ACC,2022-08-19,2022-10-04,2339.0,2360.0,31,0.8978195810175289
SHREECEM,2022-08-22,2022-09-27,21024.95,21239.0,25,1.0180761428683505
FEDERALBNK,2022-08-24,2022-09-23,114.15,116.95,21,2.4529128339903608
MCDOWELL-N,2022-08-25,2022-10-11,814.5,809.0,31,-0.6752608962553714
TITAN,2022-08-26,2022-11-17,2535.0,2583.95,55,1.9309664694280007
GRASIM,2022-08-26,2022-10-03,1676.29,1643.47,25,-1.9578951136139893
BRITANNIA,2022-08-29,2022-10-25,3711.0,3695.0,39,-0.4311506332524926
HCLTECH,2022-08-29,2022-09-02,919.8,924.8,3,0.543596434007393
PETRONET,2022-08-29,2022-09-16,220.45,209.75,13,-4.8537083238829615
SBIN,2022-08-30,2022-09-29,531.0,524.0,21,-1.3182674199623352
PAGEIND,2022-08-30,2022-10-28,51050.0,49260.0,40,-3.506366307541626
HINDUNILVR,2022-08-30,2022-09-07,2654.6,2569.0,5,-3.2245912755217327
ICICIBANK,2022-08-30,2022-09-28,888.6,848.9,20,-4.467702003151029
SRF,2022-08-30,2022-09-28,2538.0,2468.7,20,-2.730496453900716
TATASTEEL,2022-08-30,2022-09-26,108.45,99.85,18,-7.929921622867689
MARUTI,2022-08-30,2022-10-11,9051.0,8679.45,28,-4.105071262843877
INDUSINDBK,2022-08-30,2022-10-25,1105.05,1135.0,38,2.710284602506678
BATAINDIA,2022-08-30,2022-09-27,1941.8,1799.0,19,-7.354001441961065
DLF,2022-08-30,2022-09-23,389.85,368.75,17,-5.412338078748242
AXISBANK,2022-08-30,2022-09-28,751.5,713.5,20,-5.056553559547571
M&M,2022-09-01,2022-09-28,1312.0,1239.8,19,-5.503048780487808
RELIANCE,2022-09-01,2022-09-20,2563.9,2496.05,13,-2.6463590623659234
TATACONSUM,2022-09-01,2022-09-23,841.0,781.95,16,-7.021403091557664
NATIONALUM,2022-09-01,2022-09-23,77.7,72.95,16,-6.113256113256113
HINDALCO,2022-09-01,2022-09-23,422.95,395.5,16,-6.490128856838867
ASIANPAINT,2022-09-01,2022-10-13,3454.4,3206.0,29,-7.19082908754053
SBILIFE,2022-09-01,2022-09-27,1299.7,1242.0,18,-4.439486035238904
LT,2022-09-02,2022-09-23,1940.0,1861.0,15,-4.072164948453608
SHRIRAMFIN,2022-09-06,2022-09-23,1383.0,1204.15,13,-12.932031814895147
RECLTD,2022-09-06,2022-09-16,108.0,104.05,8,-3.65740740740741
BIOCON,2022-09-07,2022-09-27,301.8,280.45,14,-7.074221338634865
INDIGO,2022-09-07,2022-09-16,1951.05,1825.75,7,-6.422182927141794
ULTRACEMCO,2022-09-07,2022-09-27,6785.0,6200.0,14,-8.621960206337508
RAMCOCEM,2022-09-07,2022-09-27,772.0,716.1,14,-7.240932642487044
IOC,2022-09-08,2022-09-20,73.0,69.15,8,-5.273972602739718
PFC,2022-09-09,2022-09-20,92.6,90.44,7,-2.332613390928722
NAVINFLUOR,2022-09-09,2022-11-18,4376.9,4292.0,47,-1.9397290319632536
IGL,2022-09-12,2022-10-03,429.35,385.5,15,-10.213112844998259
PIIND,2022-09-13,2022-09-16,3235.0,3145.0,3,-2.7820710973724885
MCX,2022-09-13,2022-09-28,1288.0,1170.0,11,-9.161490683229815
MOTHERSON,2022-09-13,2022-09-23,85.5,78.87,8,-7.754385964912275
HDFCBANK,2022-09-14,2022-09-27,1525.1,1415.7,9,-7.173300111468092
MANAPPURAM,2022-09-14,2022-09-16,103.9,99.2,2,-4.523580365736287
SAIL,2022-09-14,2022-09-26,83.85,74.6,8,-11.03160405485987
HCLTECH,2022-09-14,2022-09-16,932.6,897.25,2,-3.7904782328972786
MGL,2022-09-15,2022-09-26,895.35,794.6,7,-11.252582788853521
GRANULES,2022-09-15,2022-11-24,319.0,357.75,47,12.147335423197491
MFSL,2022-09-15,2022-10-10,813.0,760.0,16,-6.519065190651907
GAIL,2022-09-16,2022-09-23,91.75,85.8,5,-6.485013623978205
BAJFINANCE,2022-09-16,2022-10-13,7277.7,7150.0,18,-1.7546752408040978
BPCL,2022-09-16,2022-09-26,321.45,304.6,6,-5.241872764037943
DRREDDY,2022-09-16,2022-12-30,4075.0,4234.9,72,3.923926380368089
AUROPHARMA,2022-09-19,2022-09-26,519.0,501.5,5,-3.371868978805395
SUNPHARMA,2022-09-20,2022-11-23,911.3,1018.25,43,11.735981564797546
ABBOTINDIA,2022-09-20,2022-10-20,18105.35,18230.0,21,0.688470534952384
HEROMOTOCO,2022-09-20,2022-09-26,2766.0,2722.0,4,-1.5907447577729574
TORNTPHARM,2022-09-21,2022-11-22,1500.0,1634.35,41,8.95666666666666
MUTHOOTFIN,2022-09-22,2022-09-26,1018.7,959.7,2,-5.791695297928732
DABUR,2022-09-22,2022-10-11,575.0,518.45,12,-9.834782608695644
HINDUNILVR,2022-09-22,2022-10-13,2692.6,2567.0,14,-4.664636410903956
DIVISLAB,2022-09-23,2022-10-25,3650.0,3593.0,21,-1.5616438356164384
MPHASIS,2022-09-26,2022-10-03,2039.1,2007.3,5,-1.559511549212886
HCLTECH,2022-09-26,2022-12-09,908.0,1029.45,51,13.375550660792957
UBL,2022-09-26,2022-10-27,1640.7,1647.05,21,0.38702992625098487
LUPIN,2022-09-26,2022-10-24,653.0,683.0,19,4.594180704441041
IPCALAB,2022-09-26,2022-10-24,890.0,900.05,19,1.1292134831460623
ZYDUSLIFE,2022-09-28,2022-11-17,368.15,407.75,33,10.756485128344432
HAVELLS,2022-09-30,2022-10-13,1344.9,1231.95,8,-8.3983939326344
COLPAL,2022-10-04,2022-11-16,1598.9,1564.0,28,-2.1827506410657382
MPHASIS,2022-10-04,2022-10-27,2069.0,1971.0,15,-4.736587723537941
BAJAJ-AUTO,2022-10-14,2022-11-22,3564.0,3619.0,25,1.5432098765432098
INFY,2022-10-14,2022-12-15,1477.0,1540.0,42,4.265402843601896
LAURUSLABS,2022-10-14,2022-10-25,519.0,452.9,7,-12.736030828516382
TECHM,2022-10-14,2022-12-21,1018.15,1025.5,46,0.7218975592987303
BATAINDIA,2022-10-17,2022-11-11,1838.1,1750.0,17,-4.792992764267446
ULTRACEMCO,2022-10-17,2022-12-21,6265.0,6928.0,45,10.582601755786113
SYNGENE,2022-10-17,2022-12-05,538.0,601.0,33,11.71003717472119
INDIAMART,2022-10-18,2022-11-24,2254.5,2162.73,25,-4.070525615435795
LTTS,2022-10-19,2022-12-22,3496.0,3939.0,44,12.67162471395881
RELIANCE,2022-10-19,2022-12-16,2496.0,2567.9,40,2.880608974358978
ICICIGI,2022-10-19,2022-11-14,1138.0,1131.5,16,-0.5711775043936731
PIIND,2022-10-19,2022-11-29,3171.85,3374.25,27,6.381134038494888
NTPC,2022-10-20,2022-11-18,167.45,165.5,19,-1.1645267243953352
GAIL,2022-10-20,2023-02-13,87.3,95.8,79,9.736540664375717
KOTAKBANK,2022-10-21,2022-12-08,1910.0,1898.6,32,-0.5968586387434602
BAJFINANCE,2022-10-21,2022-10-25,7179.0,7095.0,2,-1.170079398244881
SHRIRAMFIN,2022-10-21,2023-01-16,1194.0,1272.9,59,6.608040201005033
NAUKRI,2022-10-21,2022-12-02,3823.0,4049.95,28,5.936437352864238
TATACONSUM,2022-10-21,2022-12-29,764.85,776.05,47,1.46433941295678
BAJAJFINSV,2022-10-21,2022-11-24,1681.9,1633.0,22,-2.9074261252155353
LT,2022-10-21,2023-01-03,1872.9,2090.95,50,11.642372790859081
DIXON,2022-10-21,2022-11-21,4271.75,4334.0,19,1.4572482003862586
BERGEPAINT,2022-10-21,2022-10-25,488.25,486.58,2,-0.34203789042499044
JSWSTEEL,2022-10-25,2022-12-23,644.3,726.4,41,12.742511252522121
IPCALAB,2022-10-25,2022-11-16,933.0,875.5,14,-6.162915326902465
BANDHANBNK,2022-10-25,2022-10-31,267.85,239.4,3,-10.621616576442044
COROMANDEL,2022-10-25,2022-11-14,983.85,923.4,12,-6.14422930324745
EXIDEIND,2022-10-25,2022-12-22,163.95,183.65,40,12.015858493443133
HINDUNILVR,2022-10-25,2022-11-14,2504.0,2458.0,12,-1.8370607028753994
IEX,2022-10-25,2022-10-28,139.0,138.35,2,-0.46762589928057957
MCDOWELL-N,2022-10-25,2022-12-22,862.5,895.3,40,3.8028985507246325
PIDILITIND,2022-10-27,2022-12-19,2578.0,2597.0,36,0.7370054305663305
NATIONALUM,2022-10-27,2022-12-23,71.2,72.0,40,1.1235955056179736
PFC,2022-10-27,2023-01-25,87.92,114.92,63,30.70973612374886
TATASTEEL,2022-10-27,2022-12-23,104.2,102.25,40,-1.8714011516314806
LICHSGFIN,2022-10-27,2022-11-02,422.0,364.55,4,-13.61374407582938
GODREJPROP,2022-10-27,2022-12-22,1244.2,1224.8,39,-1.5592348497026276
POWERGRID,2022-10-27,2022-11-22,167.81,163.69,17,-2.4551576187354773
ADANIPORTS,2022-10-27,2022-12-23,820.3,797.0,40,-2.840424235035957
ICICIPRULI,2022-10-27,2022-11-11,500.0,489.4,10,-2.1200000000000045
DALBHARAT,2022-10-27,2023-01-23,1580.0,1763.95,61,11.642405063291141
PETRONET,2022-10-28,2023-02-03,209.45,208.9,68,-0.2625925041775999
APOLLOHOSP,2022-10-28,2022-12-30,4563.0,4476.0,44,-1.9066403681788298
RECLTD,2022-10-28,2022-11-21,100.15,99.65,15,-0.4992511233150274
ABFRL,2022-10-31,2022-11-09,354.65,312.45,6,-11.899055406739036
AUROPHARMA,2022-10-31,2022-11-10,538.0,478.85,7,-10.994423791821557
CHAMBLFERT,2022-10-31,2022-11-10,327.0,298.95,7,-8.57798165137615
ABBOTINDIA,2022-11-01,2023-01-25,19655.45,21319.0,60,8.463555909429695
MUTHOOTFIN,2022-11-01,2022-12-22,1068.0,1084.0,36,1.4981273408239701
ALKEM,2022-11-01,2022-11-22,3220.0,3090.9,14,-4.009316770186333
VOLTAS,2022-11-01,2022-11-10,907.5,826.0,6,-8.980716253443525
DIVISLAB,2022-11-01,2022-11-07,3829.1,3420.0,4,-10.683972735107464
SRF,2022-11-01,2022-11-09,2612.6,2387.95,5,-8.598713924825848
CHOLAFIN,2022-11-02,2022-11-25,742.95,720.5,16,-3.0217376674069647
IRCTC,2022-11-02,2022-11-23,755.0,723.0,14,-4.23841059602649
BEL,2022-11-02,2022-12-07,107.35,105.8,24,-1.4438751746623169
ONGC,2022-11-02,2023-03-24,136.5,149.1,99,9.230769230769226
BALKRISIND,2022-11-03,2023-01-27,1896.8,2122.0,59,11.87262758329819
HAL,2022-11-03,2022-12-15,1271.5,1299.97,29,2.2390876917027156
UBL,2022-11-03,2022-12-28,1660.0,1705.6,38,2.7469879518072235
HINDCOPPER,2022-11-03,2022-12-21,104.7,110.0,33,5.062082139446034
HINDPETRO,2022-11-04,2022-12-30,203.75,235.5,39,15.58282208588957
SAIL,2022-11-04,2022-11-28,84.3,82.2,15,-2.4911032028469684
PVRINOX,2022-11-04,2022-12-21,1831.0,1737.0,32,-5.133806663025669
SIEMENS,2022-11-04,2022-11-22,2980.0,2800.0,11,-6.0402684563758395
IDEA,2022-11-07,2022-11-17,8.4,8.35,7,-0.5952380952381037
MANAPPURAM,2022-11-07,2022-12-23,107.25,108.55,33,1.2121212121212095
MARICO,2022-11-07,2022-11-17,504.9,487.75,7,-3.3967122202416276
LUPIN,2022-11-09,2022-12-20,695.0,723.25,29,4.0647482014388485
GRASIM,2022-11-09,2022-12-21,1732.11,1724.39,30,-0.4456991761493092
RAMCOCEM,2022-11-09,2022-11-11,704.0,641.8,2,-8.835227272727279
INDIGO,2022-11-09,2023-02-15,1720.0,1976.0,69,14.883720930232558
GODREJCP,2022-11-09,2023-04-28,810.85,910.35,116,12.271073564777701
HEROMOTOCO,2022-11-10,2022-12-21,2715.0,2754.2,29,1.4438305709023875
ESCORTS,2022-11-10,2022-12-16,2022.55,2181.3,26,7.849002496848049
WIPRO,2022-11-11,2022-12-16,400.1,389.7,25,-2.5993501624593933
PERSISTENT,2022-11-11,2022-12-21,3748.05,3900.0,28,4.054108136230835
HDFCLIFE,2022-11-11,2022-12-21,542.8,574.25,28,5.794030950626391
COFORGE,2022-11-11,2022-12-22,3904.15,3882.0,29,-0.5673450046745154
ASHOKLEY,2022-11-11,2022-11-21,147.55,143.9,6,-2.473737716028469
TCS,2022-11-11,2022-12-16,3316.0,3235.95,25,-2.4140530759951804
IEX,2022-11-11,2022-12-22,144.9,138.5,29,-4.416839199447899
CUB,2022-11-14,2022-12-23,185.4,166.45,29,-10.221143473570667
DABUR,2022-11-14,2022-11-22,553.0,545.9,6,-1.2839059674502753
ZEEL,2022-11-14,2022-11-17,259.2,253.0,3,-2.391975308641971
IBULHSGFIN,2022-11-14,2023-01-18,134.3,141.15,47,5.100521221146682
TATAPOWER,2022-11-16,2022-11-22,224.9,220.8,4,-1.8230324588706066
DELTACORP,2022-11-16,2022-12-16,218.95,217.9,22,-0.4795615437314378
BSOFT,2022-11-18,2022-12-21,285.5,299.6,23,4.938704028021023
SBILIFE,2022-11-21,2022-11-23,1227.5,1230.0,2,0.20366598778004072
HDFCAMC,2022-11-22,2023-01-06,2100.0,2136.0,33,1.7142857142857144
IDFC,2022-11-24,2022-12-23,78.65,74.45,21,-5.340114431023525
MGL,2022-11-24,2022-12-23,868.0,835.0,21,-3.8018433179723505
ICICIGI,2022-11-24,2023-01-19,1170.0,1167.05,40,-0.252136752136756
BPCL,2022-11-24,2022-12-30,320.1,331.0,26,3.4051858794126764
IOC,2022-11-24,2022-12-23,72.0,72.95,21,1.3194444444444484
ZEEL,2022-11-25,2022-12-20,259.85,252.0,17,-3.020973638637684
IGL,2022-11-25,2022-12-23,430.0,402.5,20,-6.395348837209303
IDFCFIRSTB,2022-11-25,2022-12-23,58.1,53.1,20,-8.605851979345955
MPHASIS,2022-11-25,2022-12-21,1985.0,1964.0,18,-1.057934508816121
CANFINHOME,2022-11-25,2022-12-23,544.0,494.0,20,-9.191176470588236
SBILIFE,2022-11-28,2022-12-20,1258.0,1229.4,16,-2.273449920508737
ATUL,2022-11-28,2022-12-21,8406.0,8120.9,17,-3.391625029740666
NESTLEIND,2022-11-29,2022-12-30,2009.53,1958.0,23,-2.5642812000816098
HINDUNILVR,2022-11-29,2022-12-27,2635.95,2593.0,20,-1.6293935772681507
TATACOMM,2022-11-29,2022-12-23,1275.95,1209.0,18,-5.24707080998472
DABUR,2022-11-29,2022-12-26,594.95,565.5,19,-4.949995797966223
SHREECEM,2022-11-30,2023-01-24,23751.0,22605.0,39,-4.82505999747379
TORNTPHARM,2022-11-30,2022-12-16,1652.45,1597.95,12,-3.2981330751308664
BAJAJ-AUTO,2022-11-30,2022-12-26,3732.35,3554.95,18,-4.753037630447308
DLF,2022-11-30,2022-12-21,402.2,378.0,15,-6.016907011437094
HAVELLS,2022-11-30,2022-12-12,1259.3,1168.0,8,-7.250059556896685
GUJGASLTD,2022-12-01,2022-12-23,509.0,468.15,16,-8.02554027504912
CROMPTON,2022-12-01,2022-12-07,371.15,356.0,4,-4.081907584534549
AUBANK,2022-12-02,2023-01-04,648.05,639.0,23,-1.3964971838592632
ADANIENT,2022-12-05,2022-12-26,3932.0,3709.0,15,-5.671414038657172
NAVINFLUOR,2022-12-05,2022-12-22,4398.6,4155.0,13,-5.5381257672896
FEDERALBNK,2022-12-05,2022-12-23,137.45,122.95,14,-10.549290651145862
IRCTC,2022-12-06,2022-12-15,716.0,687.05,7,-4.043296089385481
JUBLFOOD,2022-12-07,2022-12-15,538.2,520.75,6,-3.2422891118543373
SIEMENS,2022-12-07,2022-12-30,2907.1,2825.0,17,-2.8241202573010873
SUNPHARMA,2022-12-08,2022-12-16,979.5,996.7,6,1.7559979581419138
COROMANDEL,2022-12-08,2022-12-23,963.5,862.0,11,-10.534509600415152
BHARATFORG,2022-12-08,2023-02-24,871.8,832.0,55,-4.565267263133741
TATAPOWER,2022-12-09,2022-12-21,219.75,213.75,8,-2.7303754266211606
MOTHERSON,2022-12-09,2022-12-20,73.1,69.4,7,-5.061559507523924
MCX,2022-12-09,2023-01-02,1563.95,1455.0,16,-6.966335240896451
AMBUJACEM,2022-12-09,2022-12-21,580.6,538.7,8,-7.21667240785394
BERGEPAINT,2022-12-12,2022-12-20,519.17,493.71,6,-4.903981354854861
NAUKRI,2022-12-13,2023-01-02,4159.45,3909.0,14,-6.021228768226564
LALPATHLAB,2022-12-13,2022-12-16,2364.0,2286.9,3,-3.2614213197969506
INDUSTOWER,2022-12-14,2022-12-16,199.6,196.0,2,-1.803607214428855
PIIND,2022-12-14,2023-01-03,3542.25,3417.8,14,-3.5133036911567452
SRF,2022-12-14,2022-12-21,2399.0,2295.0,5,-4.335139641517299
COLPAL,2022-12-14,2022-12-28,1573.85,1566.45,10,-0.4701845792165622
INDIAMART,2022-12-15,2022-12-23,2177.5,2077.5,6,-4.5924225028702645
DEEPAKNTR,2022-12-16,2022-12-22,2118.0,2012.0,4,-5.004721435316336
TATACHEM,2022-12-16,2022-12-20,992.5,979.5,2,-1.309823677581864
CHOLAFIN,2022-12-16,2022-12-23,731.2,701.9,5,-4.007111597374188
TATAMOTORS,2022-12-16,2022-12-20,422.6,410.0,2,-2.9815428300993903
CONCOR,2022-12-16,2022-12-22,740.55,748.5,4,1.0735264330565182
ASHOKLEY,2022-12-19,2022-12-23,144.75,137.5,4,-5.008635578583765
M&M,2022-12-19,2023-02-23,1289.0,1315.6,47,2.0636152055857186
EICHERMOT,2022-12-19,2022-12-23,3382.0,3119.8,4,-7.75280898876404
IPCALAB,2022-12-20,2023-02-21,872.5,813.1,44,-6.8080229226361
CIPLA,2022-12-21,2023-01-10,1129.5,1078.0,14,-4.559539619300575
NMDC,2022-12-21,2022-12-23,118.9,111.55,2,-6.181665264928518
DIVISLAB,2022-12-21,2023-01-12,3515.0,3308.95,16,-5.862019914651499
LUPIN,2022-12-21,2023-02-13,750.95,675.35,37,-10.067248152340373
BOSCHLTD,2022-12-21,2023-01-30,17365.1,16625.0,27,-4.261996763623581
ZYDUSLIFE,2022-12-21,2023-01-31,423.3,430.2,28,1.6300496102055226
SUNTV,2022-12-21,2023-01-04,504.0,476.4,10,-5.476190476190481
AXISBANK,2022-12-21,2023-01-23,931.45,930.0,23,-0.155671265231633
VEDL,2022-12-21,2022-12-23,303.5,285.95,2,-5.7825370675453085
CANBK,2022-12-21,2022-12-23,314.1,292.4,2,-6.908627825533284
RECLTD,2022-12-23,2023-01-27,109.0,115.35,24,5.82568807339449
SBICARD,2022-12-23,2023-01-16,769.0,773.5,16,0.5851755526657998
ALKEM,2022-12-26,2022-12-29,3099.95,3000.1,3,-3.221019693866027
SBIN,2022-12-26,2023-01-18,597.0,591.0,17,-1.0050251256281406
JSWSTEEL,2022-12-27,2023-02-02,763.65,726.95,26,-4.805866561906623
TITAN,2022-12-28,2023-01-17,2573.0,2409.95,14,-6.336960746210655
INDUSTOWER,2022-12-28,2023-01-03,191.6,189.85,4,-0.9133611691022965
SYNGENE,2022-12-28,2023-01-31,576.05,566.7,23,-1.6231229927957485
CHOLAFIN,2022-12-28,2023-01-06,725.0,667.0,7,-8.0
TVSMOTOR,2022-12-28,2023-01-16,1083.0,988.5,13,-8.725761772853186
ICICIBANK,2022-12-29,2023-01-16,908.0,865.0,12,-4.73568281938326
IOC,2022-12-30,2023-02-01,76.55,79.8,22,4.245591116917048
BAJFINANCE,2022-12-30,2023-01-05,6577.0,6096.0,4,-7.313364755967767
LICHSGFIN,2022-12-30,2023-01-17,414.4,393.9,12,-4.946911196911198
ASHOKLEY,2023-01-02,2023-02-22,148.8,143.35,36,-3.662634408602162
BAJAJ-AUTO,2023-01-02,2023-02-27,3574.9,3644.95,39,1.9594953704998666
ICICIPRULI,2023-01-03,2023-02-01,470.0,399.1,20,-15.085106382978719
HDFCLIFE,2023-01-03,2023-01-25,596.45,586.5,16,-1.6682035375974589
AUROPHARMA,2023-01-03,2023-01-25,441.75,417.65,16,-5.455574419920775
SBILIFE,2023-01-03,2023-01-30,1267.55,1236.35,18,-2.4614413632598358
COALINDIA,2023-01-04,2023-01-06,216.75,214.3,2,-1.1303344867358656
APOLLOTYRE,2023-01-04,2023-01-25,319.7,323.0,15,1.032217704097595
ATUL,2023-01-04,2023-01-09,7950.0,7766.0,3,-2.3144654088050314
MRF,2023-01-05,2023-01-27,91300.0,88350.0,15,-3.2311062431544357
MARICO,2023-01-05,2023-01-11,515.0,500.3,4,-2.854368932038833
TCS,2023-01-06,2023-02-27,3213.9,3335.0,35,3.768007716481531
MPHASIS,2023-01-06,2023-03-09,1975.0,2105.0,42,6.582278481012659
KOTAKBANK,2023-01-06,2023-01-19,1788.9,1768.7,9,-1.1291855330091143
TECHM,2023-01-09,2023-02-07,1012.95,1002.0,20,-1.081001036576341
POWERGRID,2023-01-09,2023-03-27,156.83,164.93,53,5.1648281578779525
HCLTECH,2023-01-09,2023-02-22,1063.0,1094.0,31,2.916274694261524
INTELLECT,2023-01-09,2023-01-19,439.55,419.45,8,-4.5728586053918825
SIEMENS,2023-01-11,2023-06-01,2943.5,3540.0,94,20.264990657380668
VOLTAS,2023-01-12,2023-01-23,809.0,776.75,7,-3.9864029666254637
INFY,2023-01-13,2023-02-28,1503.9,1492.0,31,-0.7912760156925387
LTIM,2023-01-13,2023-03-10,4288.0,4638.0,38,8.162313432835822
PERSISTENT,2023-01-13,2023-03-13,4009.0,4630.0,39,15.490147168870042
MUTHOOTFIN,2023-01-16,2023-01-20,1060.25,1052.0,4,-0.778118368309361
WIPRO,2023-01-16,2023-02-22,398.9,394.5,26,-1.103033341689641
BEL,2023-01-16,2023-01-30,102.05,89.2,9,-12.591866731994115
MARICO,2023-01-17,2023-03-14,507.5,485.9,38,-4.256157635467985
LT,2023-01-17,2023-02-08,2216.9,2133.25,15,-3.773287022418697
EXIDEIND,2023-01-19,2023-02-09,189.2,179.5,14,-5.126849894291749
COALINDIA,2023-01-19,2023-02-09,223.95,214.6,14,-4.175039071221252
HINDUNILVR,2023-01-20,2023-02-15,2550.0,2548.0,17,-0.0784313725490196
DABUR,2023-01-20,2023-02-10,565.7,532.9,14,-5.7981262153084785
AUBANK,2023-01-23,2023-02-27,640.0,595.3,24,-6.984375000000006
SUNPHARMA,2023-01-23,2023-02-15,1050.1,995.0,16,-5.247119321969328
BANDHANBNK,2023-01-23,2023-03-08,248.25,230.05,30,-7.331319234642493
BSOFT,2023-01-23,2023-02-03,302.5,268.1,8,-11.371900826446273
AMBUJACEM,2023-01-23,2023-01-25,501.0,464.2,2,-7.345309381237527
ASTRAL,2023-01-23,2023-01-27,1518.64,1470.0,3,-3.2028657219617616
ACC,2023-01-23,2023-01-25,2320.1,2167.25,2,-6.58807810008189
CANFINHOME,2023-01-23,2023-03-02,550.0,566.2,27,2.9454545454545538
IEX,2023-01-23,2023-01-30,138.6,135.4,4,-2.3088023088023006
ULTRACEMCO,2023-01-23,2023-03-13,6860.0,7109.85,33,3.642128279883387
OFSS,2023-01-24,2023-07-21,3108.3,3851.1,120,23.89730720972878
MARUTI,2023-01-24,2023-02-23,8687.25,8705.0,21,0.2043224265446488
CROMPTON,2023-01-24,2023-02-03,338.9,305.5,7,-9.855414576571254
IGL,2023-01-24,2023-05-19,424.55,471.7,76,11.10587681074078
SUNTV,2023-01-24,2023-01-27,472.45,453.35,2,-4.042755847179589
DLF,2023-01-25,2023-01-30,352.5,353.2,2,0.1985815602836847
PEL,2023-01-25,2023-02-23,825.0,796.0,20,-3.5151515151515147
CIPLA,2023-01-25,2023-01-30,1039.0,1036.5,2,-0.2406159769008662
IRCTC,2023-01-27,2023-02-24,613.7,607.75,20,-0.9695290858725836
NATIONALUM,2023-01-27,2023-02-03,82.25,78.55,5,-4.498480243161097
JUBLFOOD,2023-01-27,2023-02-01,484.8,455.95,3,-5.95090759075908
HEROMOTOCO,2023-01-27,2023-02-07,2735.7,2648.0,7,-3.2057608655919814
DRREDDY,2023-01-27,2023-02-28,4312.45,4314.0,22,0.035942445709519696
TATAPOWER,2023-01-27,2023-02-20,203.5,203.6,16,0.04914004914004634
HDFCBANK,2023-01-27,2023-02-23,1614.8,1603.0,19,-0.730740648996777
EICHERMOT,2023-01-27,2023-03-08,3178.0,3199.95,27,0.6906859660163568
HAL,2023-01-27,2023-03-28,1232.5,1313.38,41,6.562271805273842
MGL,2023-01-27,2023-04-03,852.6,921.85,44,8.12221440300258
BERGEPAINT,2023-01-30,2023-07-26,463.08,561.21,120,21.190722985229346
NMDC,2023-01-30,2023-02-01,122.85,121.0,2,-1.5059015059015013
NTPC,2023-01-30,2023-03-28,168.85,172.0,40,1.8655611489487745
ASTRAL,2023-01-31,2023-02-20,1544.1,1425.0,14,-7.713231008354375
BOSCHLTD,2023-01-31,2023-05-22,17124.0,18800.05,73,9.78772483064704
ITC,2023-01-31,2023-03-28,352.6,379.75,39,7.699943278502546
BRITANNIA,2023-01-31,2023-02-23,4325.0,4440.0,17,2.6589595375722546
TORNTPHARM,2023-01-31,2023-02-08,1523.0,1555.95,6,2.163493105712413
CIPLA,2023-01-31,2023-02-03,1020.0,1024.95,3,0.48529411764706326
COROMANDEL,2023-01-31,2023-03-22,895.8,865.0,35,-3.438267470417499
TATACHEM,2023-02-01,2023-02-27,957.0,971.15,18,1.4785788923719936
TATASTEEL,2023-02-01,2023-02-07,122.05,111.15,4,-8.930766079475617
IEX,2023-02-01,2023-03-27,136.8,133.95,37,-2.08333333333335
DIVISLAB,2023-02-01,2023-02-03,3346.3,2876.35,2,-14.043869348235372
JINDALSTEL,2023-02-01,2023-02-28,608.75,549.5,19,-9.733059548254621
M&MFIN,2023-02-01,2023-02-27,234.25,252.4,18,7.748132337246534
UPL,2023-02-01,2023-03-06,740.0,712.6,23,-3.7027027027026995
MUTHOOTFIN,2023-02-01,2023-02-20,1016.0,990.0,13,-2.559055118110236
INDIAMART,2023-02-01,2023-05-24,2277.5,2770.7,74,21.655323819978037
OBEROIRLTY,2023-02-02,2023-03-24,844.3,841.7,35,-0.30794741205731485
BAJFINANCE,2023-02-03,2023-03-01,6000.0,6160.0,18,2.666666666666667
ZYDUSLIFE,2023-02-03,2023-02-27,434.75,456.5,16,5.002875215641174
LICHSGFIN,2023-02-06,2023-02-20,389.1,360.95,10,-7.234644050372663
NAVINFLUOR,2023-02-06,2023-03-13,4130.0,4103.0,24,-0.6537530266343826
ABB,2023-02-07,2023-04-13,3032.1,3223.2,43,6.302562580389825
ALKEM,2023-02-08,2023-03-02,3182.8,3130.0,16,-1.658916677139631
NAUKRI,2023-02-08,2023-02-13,3790.0,3453.0,3,-8.891820580474933
MRF,2023-02-09,2023-02-22,89000.0,87696.35,9,-1.4647752808988699
HAVELLS,2023-02-10,2023-03-27,1198.0,1165.0,30,-2.7545909849749584
SRF,2023-02-10,2023-05-19,2288.95,2434.65,64,6.3653640315428595
GRASIM,2023-02-14,2023-02-28,1597.35,1564.78,10,-2.0390020972235225
ZEEL,2023-02-14,2023-02-20,216.5,215.0,4,-0.6928406466512702
BIOCON,2023-02-15,2023-03-01,238.0,227.65,10,-4.348739495798317
BATAINDIA,2023-02-15,2023-02-17,1478.0,1439.0,2,-2.6387009472259813
TECHM,2023-02-15,2023-03-09,1068.6,1060.0,15,-0.8047913157402125
APOLLOHOSP,2023-02-15,2023-03-09,4480.85,4412.1,15,-1.534307106910519
NESTLEIND,2023-02-16,2023-03-08,1960.0,1850.0,13,-5.612244897959184
ESCORTS,2023-02-16,2023-03-13,2089.0,1925.0,16,-7.850646242221158
DLF,2023-02-16,2023-03-13,370.8,342.0,16,-7.76699029126214
ABFRL,2023-02-16,2023-02-22,261.0,234.35,4,-10.21072796934866
NMDC,2023-02-21,2023-02-28,119.05,110.85,5,-6.887862242755148
ATUL,2023-02-21,2023-03-09,7218.7,6956.05,11,-3.6384667599429212
JSWSTEEL,2023-02-22,2023-02-28,700.0,667.2,4,-4.685714285714279
BALRAMCHIN,2023-02-22,2023-03-28,359.95,359.5,23,-0.12501736352270834
TATAPOWER,2023-02-22,2023-02-27,202.6,199.95,3,-1.307996051332678
ASIANPAINT,2023-02-23,2023-04-10,2707.0,2776.35,28,2.56187661618027
FEDERALBNK,2023-02-23,2023-03-23,128.2,126.95,19,-0.9750390015600513
ABBOTINDIA,2023-02-23,2023-02-28,20616.0,20180.0,3,-2.1148622429181216
BAJAJ-AUTO,2023-02-28,2023-03-03,3648.75,3734.4,3,2.347379239465573
NATIONALUM,2023-03-01,2023-03-22,82.5,77.8,14,-5.696969696969701
MARUTI,2023-03-02,2023-03-17,8536.0,8310.0,10,-2.6476101218369257
COALINDIA,2023-03-02,2023-03-23,223.0,213.35,14,-4.327354260089688
BHARTIARTL,2023-03-03,2023-03-29,764.4,745.0,17,-2.5379382522239635
SBIN,2023-03-03,2023-03-24,561.0,505.4,14,-9.91087344028521
MCDOWELL-N,2023-03-03,2023-03-08,755.85,750.9,2,-0.6548918436197718
MCX,2023-03-03,2023-04-26,1448.25,1390.15,33,-4.011738304850676
BSOFT,2023-03-06,2023-03-09,290.0,281.25,2,-3.0172413793103448
TATAMOTORS,2023-03-06,2023-03-27,440.6,412.5,14,-6.377666817975493
MOTHERSON,2023-03-06,2023-03-16,83.25,68.7,7,-17.477477477477475
BAJAJFINSV,2023-03-06,2023-03-09,1385.0,1352.0,2,-2.382671480144404
JUBLFOOD,2023-03-06,2023-03-15,447.8,427.0,6,-4.644930772666371
CHOLAFIN,2023-03-06,2023-03-27,767.2,715.95,14,-6.6801355578727835
INDUSINDBK,2023-03-08,2023-03-15,1174.5,1043.8,5,-11.128139633886764
POLYCAB,2023-03-08,2023-03-16,3090.0,2889.0,6,-6.5048543689320395
PETRONET,2023-03-08,2023-05-08,230.5,224.3,38,-2.689804772234268
SBILIFE,2023-03-09,2023-03-13,1097.5,1077.0,2,-1.867881548974943
RAMCOCEM,2023-03-09,2023-04-25,733.65,724.15,29,-1.2948953860832824
GRANULES,2023-03-10,2023-03-28,283.4,270.6,12,-4.516584333098079
ASTRAL,2023-03-13,2023-03-16,1408.88,1344.0,3,-4.6050763727216015
TRENT,2023-03-13,2023-09-06,1325.0,2063.85,120,55.76226415094339
SBICARD,2023-03-13,2023-03-20,737.0,710.0,5,-3.6635006784260513
BSOFT,2023-03-13,2023-03-24,276.4,264.5,9,-4.305354558610701
ICICIBANK,2023-03-13,2023-06-15,830.85,927.0,63,11.572486008304745
LT,2023-03-13,2023-05-18,2142.0,2187.6,43,2.1288515406162425
AUBANK,2023-03-14,2023-03-22,590.3,580.0,6,-1.7448754870404803
HCLTECH,2023-03-14,2023-03-24,1086.0,1050.0,8,-3.314917127071823
GLENMARK,2023-03-14,2023-08-17,415.25,778.0,105,87.35701384708007
GMRINFRA,2023-03-14,2023-05-26,39.4,45.0,48,14.21319796954315
PAGEIND,2023-03-15,2023-05-26,37410.0,37510.0,47,0.2673082063619353
HDFCBANK,2023-03-15,2023-03-27,1542.05,1560.7,8,1.209429006841548
IDFCFIRSTB,2023-03-15,2023-03-27,54.9,53.0,8,-3.460837887067393
AUROPHARMA,2023-03-15,2023-08-28,458.0,828.5,111,80.89519650655022
MCDOWELL-N,2023-03-16,2023-09-11,775.5,1065.6,120,37.408123791102504
SAIL,2023-03-16,2023-03-24,85.45,82.0,6,-4.037448800468113
ZYDUSLIFE,2023-03-16,2023-05-19,479.5,497.1,41,3.670490093847763
DABUR,2023-03-16,2023-04-25,535.75,527.6,24,-1.5212319178721376
SUNTV,2023-03-16,2023-03-24,435.3,417.4,6,-4.112106593154154
TITAN,2023-03-16,2023-07-27,2450.0,3004.0,89,22.612244897959183
HINDUNILVR,2023-03-20,2023-04-27,2508.9,2469.0,24,-1.5903383953126904
ABBOTINDIA,2023-03-20,2023-04-27,21239.0,22149.95,24,4.2890437402890935
GRASIM,2023-03-20,2023-05-24,1588.53,1693.27,42,6.593517276979346
MUTHOOTFIN,2023-03-20,2023-08-17,950.0,1254.0,101,32.0
NAVINFLUOR,2023-03-21,2023-05-18,4225.9,4610.0,37,9.089188101942792
TATACOMM,2023-03-21,2023-07-05,1211.05,1539.0,70,27.07980677924116
BAJAJ-AUTO,2023-03-21,2023-06-27,3910.0,4619.0,65,18.13299232736573
APOLLOTYRE,2023-03-21,2023-03-27,315.35,306.75,4,-2.727128587283977
HDFCLIFE,2023-03-22,2023-08-01,497.0,642.0,88,29.175050301810867
ALKEM,2023-03-22,2023-05-19,3196.1,3291.0,37,2.9692437658396202
SBILIFE,2023-03-24,2023-08-02,1110.1,1257.95,87,13.31861994414919
APOLLOHOSP,2023-03-27,2023-04-06,4304.95,4205.0,6,-2.3217458971648877
LUPIN,2023-03-27,2023-09-21,659.55,1125.5,120,70.64665302099917
NAUKRI,2023-03-27,2023-08-03,3562.0,4527.25,87,27.0985401459854
HAVELLS,2023-03-28,2023-06-23,1144.4,1284.3,58,12.22474659210065
INDHOTEL,2023-03-28,2023-08-08,313.3,388.55,89,24.018512607724222
JKCEMENT,2023-03-29,2023-07-18,2969.1,3290.0,73,10.807988952881347
FEDERALBNK,2023-03-29,2023-05-19,129.3,126.2,32,-2.3975251353441673
JSWSTEEL,2023-03-29,2023-05-16,676.6,703.0,29,3.9018622524386606
GRANULES,2023-03-31,2023-05-18,290.9,278.3,30,-4.3313853557923565
NESTLEIND,2023-03-31,2023-05-25,1968.0,2152.0,35,9.34959349593496
BEL,2023-03-31,2023-09-26,97.5,137.55,120,41.07692307692309
SYNGENE,2023-03-31,2023-08-28,592.2,775.35,100,30.927051671732514
VEDL,2023-03-31,2023-06-13,275.3,278.1,48,1.0170722847802438
INDIGO,2023-03-31,2023-07-26,1915.0,2539.75,78,32.62402088772846
APOLLOTYRE,2023-03-31,2023-08-18,320.5,391.5,94,22.152886115444616
DEEPAKNTR,2023-03-31,2023-07-10,1842.0,1980.0,66,7.491856677524431
IDFC,2023-03-31,2023-09-26,78.5,128.45,120,63.63057324840763
IPCALAB,2023-03-31,2023-04-25,812.85,743.5,14,-8.531709417481704
SBICARD,2023-03-31,2023-06-20,737.0,893.0,53,21.166892808683855
COALINDIA,2023-04-03,2023-06-05,220.3,229.6,41,4.221516114389461
MARUTI,2023-04-03,2023-06-23,8508.0,9325.0,55,9.60272684532205
ONGC,2023-04-03,2023-05-29,153.75,159.05,36,3.447154471544723
ICICIGI,2023-04-05,2023-08-28,1093.9,1329.75,98,21.560471706737353
ASHOKLEY,2023-04-05,2023-06-02,135.35,146.3,39,8.09013668267456
HCLTECH,2023-04-05,2023-07-11,1108.05,1113.85,65,0.5234420829384915
TATAMOTORS,2023-04-06,2023-08-14,437.0,606.85,88,38.86727688787186
MGL,2023-04-06,2023-05-30,980.3,1055.5,35,7.671121085382031
DIXON,2023-04-10,2023-05-10,2980.0,2897.05,20,-2.7835570469798596
CONCOR,2023-04-11,2023-06-20,592.1,637.5,48,7.667623712210771
BALKRISIND,2023-04-12,2023-06-14,2051.9,2320.0,43,13.065938885910613
EICHERMOT,2023-04-12,2023-06-15,3128.75,3530.2,44,12.831002796644023
PIIND,2023-04-12,2023-05-19,3033.0,3260.0,25,7.484338938344873
LALPATHLAB,2023-04-12,2023-06-12,1916.0,1964.85,41,2.5495824634655486
JUBLFOOD,2023-04-12,2023-07-13,431.8,473.25,63,9.599351551644277
PERSISTENT,2023-04-13,2023-06-22,4399.0,4871.0,48,10.729711298022277
ESCORTS,2023-04-13,2023-10-06,1958.4,3198.05,120,63.299121732026144
APOLLOHOSP,2023-04-13,2023-08-04,4404.95,4979.0,78,13.031929987854577
CANBK,2023-04-17,2023-05-19,297.1,298.5,23,0.47122181083809395
TCS,2023-04-17,2023-06-15,3139.0,3215.3,42,2.4307104173303657
BRITANNIA,2023-04-17,2023-07-25,4348.75,4908.0,69,12.860017246335154
SBIN,2023-04-17,2023-06-15,544.4,566.75,42,4.105437178545192
TATACHEM,2023-04-17,2023-07-25,990.0,977.9,69,-1.2222222222222245
POWERGRID,2023-04-17,2023-05-30,177.15,176.21,30,-0.5306237651707579
BHARTIARTL,2023-04-17,2023-08-16,760.0,856.5,84,12.697368421052632
PNB,2023-04-17,2023-05-19,48.8,49.5,23,1.4344262295082026
WIPRO,2023-04-17,2023-06-15,361.7,388.8,42,7.4923970141000895
IDFCFIRSTB,2023-04-18,2023-09-25,56.5,94.35,110,66.99115044247786
PIDILITIND,2023-04-18,2023-07-04,2433.0,2579.9,53,6.0378133990957705
CROMPTON,2023-04-18,2023-04-25,294.5,260.1,5,-11.68081494057724
ATUL,2023-04-19,2023-05-02,6934.5,6590.0,8,-4.967914052923787
PVRINOX,2023-04-19,2023-04-26,1502.4,1447.0,5,-3.687433439829612
BATAINDIA,2023-04-20,2023-08-16,1462.0,1640.15,81,12.18536251709987
HINDCOPPER,2023-04-21,2023-05-24,98.5,102.0,22,3.5532994923857872
NMDC,2023-04-21,2023-05-03,109.85,110.25,7,0.36413290851161195
TATACONSUM,2023-04-24,2023-07-07,734.7,834.0,52,13.515720702327474
BSOFT,2023-04-24,2023-09-22,265.6,487.0,105,83.35843373493974
ABB,2023-04-25,2023-08-18,3341.95,4282.0,80,28.12878708538429
UPL,2023-04-25,2023-05-09,715.55,693.65,9,-3.0605827684997524
MARICO,2023-04-25,2023-06-21,490.1,526.75,40,7.478065700877368
MFSL,2023-04-26,2023-08-02,612.6,775.65,68,26.616062683643477
VOLTAS,2023-04-27,2023-05-11,806.5,814.0,9,0.9299442033477991
GAIL,2023-04-28,2023-06-02,107.25,104.75,24,-2.331002331002331
AXISBANK,2023-04-28,2023-08-16,859.95,933.0,75,8.494679923251345
UBL,2023-05-02,2023-08-25,1449.05,1513.9,81,4.475345916289992
ADANIPORTS,2023-05-03,2023-10-03,668.0,831.75,105,24.513473053892216
AMBUJACEM,2023-05-03,2023-06-26,382.6,432.95,38,13.159958180867736
ACC,2023-05-03,2023-06-26,1742.0,1795.05,38,3.0453501722158416
TATAPOWER,2023-05-05,2023-07-26,200.0,221.5,57,10.75
INDIACEM,2023-05-05,2023-06-30,190.7,212.15,39,11.248033560566343
NMDC,2023-05-05,2023-05-10,108.4,108.7,3,0.27675276752767264
SAIL,2023-05-05,2023-05-24,82.9,82.4,13,-0.6031363088057901
NATIONALUM,2023-05-05,2023-08-16,80.0,89.15,71,11.437500000000007
BHARATFORG,2023-05-05,2023-05-19,765.3,757.3,10,-1.045341696066902
HDFCBANK,2023-05-05,2023-05-24,1627.0,1615.0,13,-0.7375537799631223
METROPOLIS,2023-05-05,2023-07-21,1285.0,1394.0,54,8.482490272373541
DALBHARAT,2023-05-08,2023-07-10,2088.0,2100.0,44,0.5747126436781609
AARTIIND,2023-05-08,2023-05-10,555.4,507.2,2,-8.678429960388907
BAJAJFINSV,2023-05-08,2023-08-02,1404.0,1525.5,61,8.653846153846153
EXIDEIND,2023-05-08,2023-09-25,190.3,259.1,97,36.15344193378876
GUJGASLTD,2023-05-09,2023-06-19,466.0,472.4,29,1.3733905579399093
HINDALCO,2023-05-11,2023-05-19,421.2,407.75,6,-3.193257359924024
HINDUNILVR,2023-05-11,2023-07-24,2589.0,2580.0,51,-0.34762456546929316
IEX,2023-05-12,2023-05-29,157.6,155.0,11,-1.6497461928933976
ICICIPRULI,2023-05-12,2023-08-02,434.55,564.5,57,29.904498906915194
DIVISLAB,2023-05-12,2023-05-19,3306.35,3092.0,5,-6.4829797208401985
CIPLA,2023-05-12,2023-09-21,931.5,1209.1,91,29.801395598497038
DIXON,2023-05-15,2023-07-10,2944.0,4245.0,39,44.19157608695652
DABUR,2023-05-15,2023-08-03,533.2,555.35,57,4.154163540885217
PVRINOX,2023-05-15,2023-05-17,1468.5,1364.4,2,-7.088866189989779
SUNTV,2023-05-15,2023-06-22,449.0,441.05,28,-1.770601336302893
TORNTPHARM,2023-05-16,2023-08-25,1624.45,1926.0,71,18.563206008187382
COROMANDEL,2023-05-16,2023-10-26,960.9,1073.0,112,11.666146321157251
BANKBARODA,2023-05-17,2023-07-27,186.0,199.15,50,7.0698924731182835
ITC,2023-05-18,2023-08-08,418.8,452.3,57,7.999044890162368
SHREECEM,2023-05-19,2023-06-26,24327.2,23740.0,26,-2.413759084481571
HDFCAMC,2023-05-19,2023-05-24,1809.0,1741.85,3,-3.711995577667224
ZYDUSLIFE,2023-05-22,2023-05-26,507.3,507.2,4,-0.019712201852951455
CROMPTON,2023-05-24,2023-10-19,276.2,295.5,102,6.987690079652429
CUMMINSIND,2023-05-25,2023-08-07,1649.0,1756.35,51,6.510006064281377
HDFCAMC,2023-05-26,2023-11-07,1853.0,2768.0,112,49.37938478143551
IBULHSGFIN,2023-05-26,2023-06-16,113.4,112.7,15,-0.6172839506172865
HINDCOPPER,2023-05-26,2023-09-25,107.0,157.0,83,46.728971962616825
GRASIM,2023-05-26,2023-05-31,1678.43,1693.27,3,0.8841596015323795
SUNPHARMA,2023-05-26,2023-08-28,966.95,1117.0,64,15.517865453229222
RECLTD,2023-05-29,2023-11-20,135.55,347.0,120,155.99409811877533
SAIL,2023-05-29,2023-08-14,84.4,87.15,54,3.258293838862559
IRCTC,2023-05-29,2023-07-07,646.6,629.3,28,-2.6755335601608516
HAL,2023-05-30,2023-10-12,1554.47,1969.05,93,26.670183406563
KOTAKBANK,2023-05-31,2023-06-15,2011.65,1834.0,11,-8.831059080854029
COLPAL,2023-05-31,2023-06-02,1614.05,1610.5,2,-0.21994362008611595
HINDPETRO,2023-05-31,2023-07-28,262.65,279.85,41,6.548638873024956
IPCALAB,2023-05-31,2023-08-28,701.0,892.0,61,27.246790299572037
M&MFIN,2023-06-01,2023-07-20,293.65,322.0,34,9.654350417163299
PVRINOX,2023-06-05,2023-07-03,1429.0,1380.0,19,-3.4289713086074176
VOLTAS,2023-06-06,2023-06-09,802.9,778.25,3,-3.070120812056293
TVSMOTOR,2023-06-06,2023-08-21,1336.55,1346.8,52,0.766899854101979
LTTS,2023-06-06,2023-10-18,3854.85,4348.0,92,12.792975083336577
TECHM,2023-06-06,2023-08-03,1089.0,1140.9,41,4.765840220385683
ULTRACEMCO,2023-06-06,2023-07-21,8115.0,8123.0,32,0.09858287122612445
NESTLEIND,2023-06-07,2023-08-03,2235.53,2242.6,40,0.3162561003430823
BPCL,2023-06-07,2023-08-04,368.0,360.5,41,-2.0380434782608696
MANAPPURAM,2023-06-07,2023-09-21,113.05,136.75,73,20.96417514374171
NTPC,2023-06-08,2023-12-01,182.85,268.95,120,47.08777686628384
GRASIM,2023-06-08,2023-08-24,1708.06,1769.96,53,3.623994473262069
LICHSGFIN,2023-06-09,2023-08-28,363.0,420.5,54,15.84022038567493
MOTHERSON,2023-06-12,2023-08-17,83.9,94.55,46,12.69368295589987
NAVINFLUOR,2023-06-13,2023-06-27,4571.0,4429.0,10,-3.106541238241085
ATUL,2023-06-13,2023-07-07,6930.0,6774.05,17,-2.250360750360748
BALRAMCHIN,2023-06-14,2023-06-30,390.7,384.8,11,-1.5101100588686915
ZYDUSLIFE,2023-06-14,2023-08-30,533.1,630.9,53,18.34552616769836
PETRONET,2023-06-14,2023-08-21,229.75,221.7,46,-3.503808487486403
CANBK,2023-06-14,2023-06-23,304.5,296.4,7,-2.660098522167495
VOLTAS,2023-06-14,2023-06-21,814.8,786.5,5,-3.4732449680903237
DRREDDY,2023-06-15,2023-08-30,4808.15,5649.0,52,17.48801514095859
PNB,2023-06-15,2023-10-18,50.35,74.2,85,47.36842105263158
GRANULES,2023-06-16,2023-08-17,291.55,292.95,42,0.48019207683072446
GODREJCP,2023-06-16,2023-07-25,1069.35,1033.1,26,-3.3899097582643667
PEL,2023-06-16,2023-10-03,782.0,1052.8,73,34.62915601023017
COFORGE,2023-06-20,2023-09-26,4579.95,5202.0,67,13.58202600465071
POLYCAB,2023-06-21,2023-06-23,3454.0,3432.0,2,-0.6369426751592357
AARTIIND,2023-06-21,2023-07-05,532.5,487.25,9,-8.497652582159624
IGL,2023-06-21,2023-07-27,479.55,460.05,25,-4.066312167657179
MGL,2023-06-22,2023-08-14,1035.0,984.0,36,-4.9275362318840585
GNFC,2023-06-22,2023-08-07,587.0,558.3,31,-4.8892674616695135
INDIAMART,2023-06-22,2023-07-05,2928.0,2804.05,8,-4.233265027322399
AUBANK,2023-06-22,2023-07-26,742.9,732.7,23,-1.3729977116704715
INDUSINDBK,2023-06-23,2023-11-30,1306.5,1467.8,108,12.345962495216224
IOC,2023-06-23,2023-07-31,89.35,93.9,25,5.09233351986571
DELTACORP,2023-06-23,2023-07-12,237.8,190.0,12,-20.10092514718251
ABCAPITAL,2023-06-26,2023-07-18,181.8,183.85,15,1.1276127612761182
IBULHSGFIN,2023-06-27,2023-07-25,116.45,120.15,19,3.177329325890943
LTIM,2023-06-27,2023-07-24,5169.5,4870.0,18,-5.7935970596769515
POLYCAB,2023-06-28,2023-10-25,3630.55,5039.75,80,38.815055570092674
ABBOTINDIA,2023-06-28,2023-07-26,23277.55,22930.0,19,-1.4930695025894016
GMRINFRA,2023-06-30,2023-09-22,43.75,58.45,58,33.60000000000001
MARUTI,2023-06-30,2023-08-09,9779.0,9472.0,28,-3.1393803047346354
INFY,2023-06-30,2023-08-07,1337.85,1393.8,26,4.182083193183097
ASIANPAINT,2023-06-30,2023-08-04,3360.0,3337.6,25,-0.6666666666666694
BHEL,2023-06-30,2023-09-29,87.6,131.0,63,49.5433789954338
CUB,2023-06-30,2023-08-16,127.1,122.0,32,-4.0125885129819
FEDERALBNK,2023-06-30,2023-10-23,126.25,142.85,78,13.148514851485144
BHARATFORG,2023-06-30,2023-10-09,837.45,1081.75,68,29.171890859155763
HEROMOTOCO,2023-06-30,2023-08-03,2905.0,2958.3,24,1.834767641996564
M&M,2023-06-30,2023-07-27,1456.0,1449.0,19,-0.4807692307692308
CANBK,2023-07-03,2023-08-17,318.4,330.45,32,3.7845477386934707
GUJGASLTD,2023-07-03,2023-08-18,475.2,452.6,33,-4.755892255892249
BAJAJ-AUTO,2023-07-05,2023-08-07,4899.3,4671.0,23,-4.6598493662359965
MPHASIS,2023-07-05,2023-09-26,1880.0,2441.05,57,29.84308510638299
POWERGRID,2023-07-06,2023-07-26,196.99,188.25,14,-4.436773440276161
OBEROIRLTY,2023-07-06,2023-08-17,1041.0,1073.0,29,3.073967339097022
SUNTV,2023-07-06,2023-09-20,463.0,591.9,52,27.840172786177103
GAIL,2023-07-06,2023-11-02,110.85,122.1,81,10.148849797023004
JSWSTEEL,2023-07-10,2023-08-28,811.35,773.8,34,-4.628088987489995
HINDALCO,2023-07-10,2023-10-20,428.1,472.7,71,10.418126605933185
ABFRL,2023-07-10,2023-09-26,214.9,215.35,54,0.20939972080036695
TATASTEEL,2023-07-10,2023-08-21,115.25,116.8,29,1.344902386117134
PIDILITIND,2023-07-11,2023-08-09,2653.0,2603.95,21,-1.8488503580851936
SIEMENS,2023-07-11,2023-08-18,3771.15,3609.0,27,-4.299749413308939
DLF,2023-07-12,2023-07-26,492.1,486.8,10,-1.077016866490553
HAVELLS,2023-07-12,2023-09-29,1291.6,1385.65,55,7.2816661505110085
NMDC,2023-07-12,2023-10-09,111.75,142.75,60,27.740492170022375
PERSISTENT,2023-07-13,2023-10-09,4770.95,5587.0,59,17.104559888491814
TATACOMM,2023-07-13,2023-08-18,1594.0,1693.0,25,6.210790464240904
TCS,2023-07-13,2023-08-28,3344.2,3375.0,31,0.9209975479935465
MARICO,2023-07-13,2023-09-28,535.25,561.8,53,4.9602989257356285
CHAMBLFERT,2023-07-13,2023-08-16,265.7,256.55,23,-3.4437335340609625
BOSCHLTD,2023-07-13,2023-07-27,19183.15,18813.8,10,-1.9253876448862788
WIPRO,2023-07-14,2023-08-30,404.65,407.0,32,0.5807487952551644
INDUSTOWER,2023-07-17,2023-08-16,171.95,160.75,21,-6.513521372491997
IDEA,2023-07-17,2023-08-16,7.65,7.85,21,2.614379084967311
ALKEM,2023-07-17,2023-08-24,3631.0,3706.0,27,2.0655466813549985
SBIN,2023-07-17,2023-08-09,602.0,573.75,17,-4.692691029900333
CONCOR,2023-07-17,2023-08-25,682.8,663.7,28,-2.7973052138254113
SBICARD,2023-07-19,2023-08-22,864.3,830.8,23,-3.875968992248062
VOLTAS,2023-07-19,2023-09-29,778.5,860.25,50,10.500963391136802
KOTAKBANK,2023-07-20,2023-08-09,1956.55,1826.0,14,-6.672459175589683
LT,2023-07-21,2023-10-23,2585.15,2961.5,63,14.558149430400553
ATUL,2023-07-21,2023-08-22,7000.0,6835.0,21,-2.357142857142857
BALKRISIND,2023-07-24,2023-08-16,2368.0,2362.0,16,-0.2533783783783784
PAGEIND,2023-07-24,2023-09-04,37463.0,39660.0,29,5.8644529268878625
ACC,2023-07-25,2023-10-23,1889.0,1892.0,61,0.15881418740074113
INDIACEM,2023-07-25,2023-09-22,212.0,233.5,41,10.141509433962264
AMBUJACEM,2023-07-25,2023-08-25,441.75,433.8,22,-1.7996604414261435
SHREECEM,2023-07-26,2023-08-18,24235.0,23545.0,16,-2.847121931091397
DLF,2023-07-27,2023-08-17,511.0,477.3,14,-6.594911937377688
IEX,2023-07-27,2023-08-30,120.6,126.15,23,4.601990049751254
DIVISLAB,2023-07-27,2023-08-28,3754.0,3628.0,21,-3.356419818859883
ABBOTINDIA,2023-07-27,2023-08-24,23640.0,23199.0,19,-1.865482233502538
ONGC,2023-07-28,2023-08-31,171.4,173.85,23,1.4294049008167962
TATACHEM,2023-07-28,2023-08-18,1050.2,997.6,14,-5.008569796229292
TATAPOWER,2023-07-28,2023-10-09,235.1,249.5,48,6.125053168864316
INDIGO,2023-07-28,2023-08-01,2611.0,2575.0,2,-1.378782075833014
METROPOLIS,2023-07-31,2023-08-04,1372.5,1362.2,4,-0.7504553734061897
BALRAMCHIN,2023-07-31,2023-08-24,403.95,393.25,17,-2.6488426785493226
BERGEPAINT,2023-08-01,2023-10-12,585.42,566.0,49,-3.3172764852584398
COALINDIA,2023-08-01,2023-08-30,241.2,228.65,20,-5.203150912106129
JUBLFOOD,2023-08-01,2023-08-25,491.0,483.0,17,-1.6293279022403258
NAVINFLUOR,2023-08-01,2023-09-27,4539.85,4456.75,39,-1.830456953423579
EICHERMOT,2023-08-02,2023-10-26,3325.0,3325.0,57,0.0
ABCAPITAL,2023-08-02,2023-08-16,189.7,182.2,9,-3.9536109646810758
BANKBARODA,2023-08-02,2023-08-04,194.85,190.05,2,-2.4634334103156186
IRCTC,2023-08-03,2023-09-29,661.0,680.0,39,2.8744326777609683
ADANIENT,2023-08-03,2023-10-03,2534.8,2387.1,40,-5.826889695439492
MRF,2023-08-03,2023-11-07,107600.0,107101.0,64,-0.4637546468401487
OFSS,2023-08-04,2023-09-29,3878.0,4122.0,38,6.29190304280557
DEEPAKNTR,2023-08-04,2023-09-26,2035.1,2113.9,35,3.872045599724838
DABUR,2023-08-04,2023-08-30,568.25,554.25,17,-2.4637043554773426
BANKBARODA,2023-08-07,2023-08-16,190.55,186.7,6,-2.02046706901077
SBILIFE,2023-08-07,2023-08-29,1304.8,1296.65,15,-0.624616799509493
BIOCON,2023-08-07,2023-08-29,263.8,259.1,15,-1.7816527672479106
GODREJCP,2023-08-08,2023-09-13,1010.0,1003.5,25,-0.6435643564356436
MFSL,2023-08-08,2023-09-28,811.7,904.55,35,11.43895527904397
JKCEMENT,2023-08-09,2023-08-21,3371.45,3091.4,7,-8.30651500096397
JINDALSTEL,2023-08-09,2023-10-09,678.05,675.8,40,-0.3318339355504757
AARTIIND,2023-08-09,2023-08-22,474.45,452.3,8,-4.6685635999578405
HCLTECH,2023-08-11,2023-10-03,1167.55,1239.0,34,6.119652263286373
METROPOLIS,2023-08-17,2023-08-24,1351.4,1307.65,5,-3.237383454195649
BATAINDIA,2023-08-17,2023-09-06,1736.0,1688.2,14,-2.7534562211981544
ICICIPRULI,2023-08-22,2023-08-24,549.5,542.5,2,-1.2738853503184715
ABCAPITAL,2023-08-22,2023-08-24,186.3,183.95,2,-1.2614063338701142
HDFCLIFE,2023-08-22,2023-08-28,634.7,628.45,4,-0.984717189223255
INDHOTEL,2023-08-23,2023-09-27,401.4,412.6,24,2.790234180368721
INDIAMART,2023-08-23,2023-08-29,3122.0,3020.0,4,-3.267136450992953
DALBHARAT,2023-08-23,2023-10-06,1992.0,2225.8,30,11.736947791164667
PIDILITIND,2023-08-23,2023-08-25,2512.0,2521.25,2,0.3682324840764331
ASTRAL,2023-08-24,2023-09-05,1993.0,1914.95,8,-3.916206723532361
TATACHEM,2023-08-28,2023-09-25,1037.05,1044.0,19,0.6701701943011471
IGL,2023-08-29,2023-09-28,462.4,449.4,21,-2.811418685121107
AARTIIND,2023-08-29,2023-09-28,484.0,487.7,21,0.764462809917353
PIDILITIND,2023-08-29,2023-09-18,2583.85,2512.0,14,-2.7807341757454926
SRF,2023-08-29,2023-09-22,2376.0,2261.0,17,-4.84006734006734
ATUL,2023-08-29,2023-09-25,7215.0,7015.05,18,-2.771309771309769
BALKRISIND,2023-08-31,2023-12-20,2351.8,2430.05,75,3.3272387107747257
BPCL,2023-08-31,2023-10-03,340.4,341.65,21,0.3672150411280847
ASHOKLEY,2023-08-31,2023-09-05,183.4,183.5,3,0.05452562704470792
ABCAPITAL,2023-08-31,2023-09-25,181.25,176.55,16,-2.5931034482758557
AUBANK,2023-08-31,2023-10-11,722.0,715.05,27,-0.9626038781163498
BANKBARODA,2023-08-31,2023-10-23,187.2,194.75,35,4.033119658119665
CANBK,2023-09-01,2023-10-23,328.5,355.3,34,8.158295281582955
ONGC,2023-09-01,2023-10-20,181.2,186.0,33,2.6490066225165627
SBICARD,2023-09-01,2023-09-22,841.0,800.0,14,-4.875148632580261
ICICIGI,2023-09-01,2023-09-27,1349.95,1299.9,17,-3.7075447238786587
JSWSTEEL,2023-09-01,2023-09-22,807.0,773.2,14,-4.188351920693922
IEX,2023-09-01,2023-09-29,131.7,132.1,19,0.30372057706910077
WIPRO,2023-09-04,2023-09-25,434.05,414.3,14,-4.550167031447989
VEDL,2023-09-04,2023-09-25,242.25,224.3,14,-7.409700722394216
MOTHERSON,2023-09-04,2023-09-25,102.85,96.7,14,-5.979581915410784
TECHM,2023-09-04,2023-10-06,1256.05,1215.1,22,-3.260220532622113
SHREECEM,2023-09-04,2023-11-01,25619.0,25326.15,39,-1.143096920254493
DELTACORP,2023-09-04,2023-09-25,186.65,145.7,14,-21.939458880257174
ULTRACEMCO,2023-09-04,2023-10-04,8580.0,8131.0,20,-5.233100233100233
PETRONET,2023-09-05,2023-10-06,229.0,230.45,21,0.6331877729257592
ABB,2023-09-05,2023-09-28,4442.0,4118.85,16,-7.274876181900036
INDIAMART,2023-09-05,2023-09-25,3217.0,2953.8,13,-8.18153559216661
APOLLOHOSP,2023-09-05,2023-10-20,4980.0,4952.0,31,-0.5622489959839357
ICICIPRULI,2023-09-05,2023-10-09,536.2,542.65,22,1.2029093621782787
AUROPHARMA,2023-09-05,2023-10-20,858.65,864.2,31,0.6463634775519791
LAURUSLABS,2023-09-05,2023-09-26,406.9,385.15,14,-5.345293683951832
PAGEIND,2023-09-06,2023-09-27,40900.0,38625.1,14,-5.562102689486556
BATAINDIA,2023-09-07,2023-09-26,1730.15,1617.0,12,-6.539895384793231
BANDHANBNK,2023-09-08,2023-10-18,243.5,238.0,26,-2.2587268993839835
IOC,2023-09-08,2023-10-03,94.0,90.0,15,-4.25531914893617
BALRAMCHIN,2023-09-08,2023-10-18,406.9,423.95,26,4.1902187269599445
GLENMARK,2023-09-11,2023-10-20,810.5,781.2,27,-3.615052436767422
HDFCLIFE,2023-09-11,2023-10-03,667.6,633.9,14,-5.047932893948478
BIOCON,2023-09-11,2023-10-09,275.9,260.25,18,-5.672345052555266
MCDOWELL-N,2023-09-12,2023-09-28,1037.9,1003.6,11,-3.304749975912907
M&M,2023-09-12,2023-10-10,1553.0,1538.0,18,-0.9658725048293626
DIVISLAB,2023-09-12,2023-10-18,3786.7,3637.85,24,-3.930863284654182
TCS,2023-09-12,2023-10-25,3574.0,3390.55,28,-5.132904308897588
GUJGASLTD,2023-09-12,2023-09-22,450.8,439.9,7,-2.4179236912156243
GRASIM,2023-09-12,2023-10-09,1868.87,1874.45,17,0.2985761449432093
BOSCHLTD,2023-09-12,2023-11-02,19150.0,19435.5,34,1.4908616187989556
UPL,2023-09-12,2023-10-09,604.9,608.45,17,0.5868738634485152
NAUKRI,2023-09-13,2023-09-26,4396.0,4237.0,8,-3.6169244767970885
ZYDUSLIFE,2023-09-13,2023-09-26,642.2,599.0,8,-6.726876362503899
ALKEM,2023-09-13,2023-10-05,3748.7,3447.0,14,-8.048123349427797
BHARTIARTL,2023-09-13,2023-10-31,914.2,914.05,31,-0.016407788230156525
ZEEL,2023-09-14,2023-09-27,273.0,260.85,8,-4.450549450549443
LALPATHLAB,2023-09-14,2023-10-27,2329.9,2374.5,28,1.9142452465771023
ABBOTINDIA,2023-09-15,2023-09-28,23290.0,22227.0,8,-4.564190639759554
IPCALAB,2023-09-15,2023-12-20,932.0,1060.0,64,13.733905579399142
MUTHOOTFIN,2023-09-15,2023-10-06,1325.0,1200.0,13,-9.433962264150944
TITAN,2023-09-18,2023-10-27,3335.0,3122.0,26,-6.38680659670165
HDFCBANK,2023-09-20,2023-09-27,1565.7,1527.5,5,-2.4398032828766714
M&MFIN,2023-09-20,2023-10-11,309.5,290.7,14,-6.074313408723752
RELIANCE,2023-09-20,2023-09-25,2380.05,2339.5,3,-1.7037457196277466
AXISBANK,2023-09-20,2023-10-20,1027.0,979.4,21,-4.634858812074004
SBIN,2023-09-21,2023-10-20,588.0,562.8,20,-4.285714285714294
ICICIBANK,2023-09-21,2023-10-03,959.4,940.0,7,-2.0220971440483613
APOLLOTYRE,2023-09-21,2023-12-26,367.8,430.05,64,16.92495921696574
DRREDDY,2023-09-22,2023-10-05,5537.0,5404.0,8,-2.402022756005057
LUPIN,2023-09-22,2023-12-20,1098.55,1225.5,60,11.556142187428888
BAJFINANCE,2023-09-25,2023-10-26,7806.9,7409.0,21,-5.096773367149568
BAJAJFINSV,2023-09-25,2023-10-27,1574.6,1567.0,22,-0.48266226343197693
RAMCOCEM,2023-09-25,2023-11-24,907.95,960.1,42,5.743708353984248
OBEROIRLTY,2023-09-28,2023-10-09,1130.0,1109.25,6,-1.836283185840708
ASIANPAINT,2023-09-28,2023-10-13,3180.0,3148.0,10,-1.0062893081761006
PIDILITIND,2023-09-28,2023-10-03,2431.9,2426.0,2,-0.24260865989555866
ABBOTINDIA,2023-09-29,2023-10-20,23090.0,22555.0,14,-2.317020355132092
MARICO,2023-10-03,2023-10-05,573.5,541.85,2,-5.518744551002611
LICHSGFIN,2023-10-03,2023-10-23,475.8,450.0,14,-5.422446406052965
MARUTI,2023-10-03,2023-11-03,10325.05,10285.05,22,-0.38740732490399565
IGL,2023-10-04,2023-10-20,458.0,403.0,12,-12.008733624454148
MPHASIS,2023-10-04,2023-10-16,2433.2,2351.0,8,-3.3782673023179277
INDHOTEL,2023-10-05,2023-10-26,417.5,375.55,14,-10.047904191616762
MFSL,2023-10-05,2023-10-09,912.05,896.3,2,-1.7268790088262704
VOLTAS,2023-10-09,2023-10-18,848.55,832.0,7,-1.950385952507213
METROPOLIS,2023-10-09,2023-12-18,1503.6,1619.95,48,7.738095238095248
JINDALSTEL,2023-10-10,2023-10-20,693.5,662.8,8,-4.426820475847159
BHARATFORG,2023-10-10,2023-10-27,1112.5,1030.95,12,-7.330337078651682
GRASIM,2023-10-11,2023-11-01,1974.55,1864.59,14,-5.5688637917500206
TATACHEM,2023-10-11,2023-10-23,1036.0,980.0,8,-5.405405405405405
DALBHARAT,2023-10-11,2023-10-20,2308.0,2158.0,7,-6.499133448873485
PVRINOX,2023-10-12,2023-10-26,1765.7,1580.0,9,-10.517075380868778
INFY,2023-10-12,2023-10-25,1454.3,1372.0,8,-5.659079969744892
ADANIENT,2023-10-13,2023-10-25,2449.0,2261.0,7,-7.676602694977541
MCDOWELL-N,2023-10-13,2023-11-29,1066.7,1050.4,31,-1.5280772475860085
LAURUSLABS,2023-10-16,2023-10-23,398.05,363.0,5,-8.805426453963072
ABFRL,2023-10-16,2023-11-09,226.45,215.1,17,-5.012143961139322
PEL,2023-10-18,2023-10-23,1016.35,969.0,3,-4.658828159590694
ZEEL,2023-10-18,2023-10-23,256.6,248.9,3,-3.0007794232268186
BHEL,2023-10-18,2023-10-23,128.9,117.45,3,-8.882854926299458
MFSL,2023-10-19,2023-12-19,934.6,964.9,41,3.2420286753691374
ASTRAL,2023-10-19,2023-11-01,1847.0,1821.55,8,-1.3779101245262613
COFORGE,2023-10-19,2023-10-25,5107.0,4889.9,3,-4.251028000783246
OFSS,2023-10-19,2023-10-31,4013.1,3878.0,7,-3.366474795046222
ABCAPITAL,2023-10-19,2023-11-09,183.85,174.15,14,-5.276040250203964
UBL,2023-10-20,2023-11-16,1607.05,1565.0,18,-2.6165956255250276
TATASTEEL,2023-10-23,2023-10-27,120.0,120.0,3,0.0
UPL,2023-10-23,2023-10-26,587.0,560.6,2,-4.497444633730831
HINDALCO,2023-10-25,2023-10-31,460.5,460.05,4,-0.09771986970683792
PIIND,2023-10-25,2023-12-14,3340.0,3362.0,35,0.6586826347305389
M&M,2023-10-26,2023-10-31,1508.0,1464.0,3,-2.9177718832891246
AXISBANK,2023-10-27,2024-01-02,999.9,1089.55,45,8.965896589658964
DRREDDY,2023-10-30,2023-11-01,5351.05,5340.0,2,-0.20650152773755023
SBILIFE,2023-10-31,2023-12-22,1370.0,1399.3,37,2.138686131386858
EICHERMOT,2023-11-03,2024-01-04,3426.0,3858.95,42,12.63718622300058
BALRAMCHIN,2023-11-06,2023-12-08,430.3,392.6,23,-8.761329305135948
ICICIPRULI,2023-11-07,2023-12-15,539.0,520.55,27,-3.423005565862717
BATAINDIA,2023-11-09,2024-01-08,1570.0,1590.05,40,1.2770700636942645
M&M,2023-11-09,2024-01-08,1550.0,1611.0,40,3.9354838709677415
ASHOKLEY,2023-11-09,2023-12-20,170.55,169.55,28,-0.5863383172090296
ICICIGI,2023-11-15,2023-12-20,1393.2,1410.05,24,1.209445879988509
TECHM,2023-11-15,2024-01-08,1174.0,1223.0,36,4.173764906303236
TCS,2023-11-16,2024-01-05,3498.0,3738.6,34,6.87821612349914
CHOLAFIN,2023-11-17,2023-11-22,1125.0,1121.4,3,-0.3199999999999919
SBIN,2023-11-17,2023-11-23,562.9,560.5,4,-0.4263634748623161
HDFCLIFE,2023-11-17,2023-12-20,652.3,641.8,22,-1.6096887934999236
ASTRAL,2023-11-21,2023-12-21,1942.75,1888.0,21,-2.818170119675717
ESCORTS,2023-11-21,2023-12-20,3250.0,2970.4,20,-8.60307692307692
ABCAPITAL,2023-11-22,2023-12-06,170.8,173.15,9,1.3758782201405118
JUBLFOOD,2023-11-22,2024-01-09,530.15,523.5,32,-1.2543619730264977
ABFRL,2023-11-23,2023-12-20,227.45,217.45,18,-4.396570674873599
POLYCAB,2023-11-30,2024-01-08,5251.0,5350.0,26,1.885355170443725
SHREECEM,2023-11-30,2024-01-05,26945.0,26970.0,25,0.09278159213212099
ICICIBANK,2023-12-04,2024-01-02,991.6,982.2,20,-0.9479628882613934
RAMCOCEM,2023-12-04,2023-12-22,1033.0,976.8,14,-5.440464666021302
SBIN,2023-12-04,2024-01-09,595.8,625.95,25,5.060422960725091
IDFCFIRSTB,2023-12-05,2024-01-08,89.55,85.55,23,-4.46677833612507
PVRINOX,2023-12-05,2024-01-01,1721.0,1658.0,18,-3.6606624055781523
INDIAMART,2023-12-06,2024-01-08,2725.0,2674.0,22,-1.8715596330275228
UPL,2023-12-11,2024-01-05,603.0,581.85,18,-3.5074626865671603
MARUTI,2023-12-12,2023-12-19,10350.0,10238.5,5,-1.077294685990338
DABUR,2023-12-20,2023-12-22,535.0,529.2,2,-1.0841121495327017
NAVINFLUOR,2023-12-21,2024-01-08,3744.85,3609.0,11,-3.627648637462112
ASTRAL,2023-12-22,2024-01-04,1928.1,1857.0,8,-3.6875680721954214
JSWSTEEL,2024-01-03,2024-01-05,837.4,828.4,2,-1.0747551946501075
